994821
645731
69865
455684
481581
223174
856157
772649
658397
497039
627625
507652
255517
781823
666159
564049
789817
986233
520161
960273
32098
278380
712158
435127
588305
296526
944856
418364
477376
738817
68022
988549
900900
654239
444233
382482
393766
816743
155131
52163
313782
299108
559816
85651
80931
742327
649700
870748
244912
686213
347373
793363
964593
59531
744842
69250
356057
689699
487614
349785
944868
71989
338335
845768
726228
782568
744602
636346
115663
899733
688510
945797
715193
764678
31448
312476
23357
197500
183224
268269
883714
46949
577984
364659
106480
322827
433910
978890
12526
437876
328675
473746
26217
667010
319514
268798
965931
64117
905144
81594
480202
110006
27392
195396
874684
575192
507872
414393
289045
207449
199015
689111
254398
776999
53770
877231
99826
4032
856121
628704
441909
184796
102450
984478
368159
421965
253276
334090
2434
158421
932036
482636
268427
475780
678032
659464
567325
702257
73857
856370
909706
789224
545481
680456
566224
115603
74039
182402
119636
930160
811107
77897
631309
429909
62375
515820
368226
315652
366262
370660
990425
298298
369649
258852
290431
47681
434668
374108
266290
24878
230478
692348
814102
292311
372805
896678
924266
446844
79081
43902
893357
406540
121799
41018
836449
700527
556838
721028
16179
439452
91688
522956
737750
461337
298160
544533
25371
732829
918641
291661
757707
665471
984010
88161
474134
873167
984840
398401
836363
63921
442303
246072
470461
80455
287090
823262
297334
360280
544290
829865
799732
152331
352821
53835
130020
650981
114720
155391
383810
33362
963405
657869
215185
463767
746031
689320
853286
730871
87721
689649
311144
46376
452074
781605
643183
255516
121219
456869
132149
665510
286734
931881
817841
639555
502068
464213
806889
133141
619605
707051
682855
99362
364921
898040
79481
627304
103712
932767
874527
191433
138768
185671
754162
590842
483628
913697
846359
604847
370567
978508
786709
173653
426741
604550
329561
445162
68764
136450
578303
204721
843501
261158
820435
724774
675550
899916
352078
779263
832683
226605
487048
971451
928628
241210
78646
412256
671260
925005
17104
558179
903513
803813
731832
846606
924716
61393
291768
509832
714195
870071
230905
557697
647581
567692
282471
323132
467608
150902
102395
816643
377507
589443
304446
822488
347006
383092
234744
18266
308097
768200
92797
727962
88366
824629
574569
529434
402375
382689
555618
116570
769113
786523
190619
416694
354215
989443
739826
338175
140345
358573
154818
34204
948017
975616
856692
811375
358709
607789
829641
183158
375989
438790
427473
980707
779771
518394
510141
182146
901083
65759
815069
670196
368634
522040
603243
239201
511483
859421
577376
168180
217995
248546
718737
682364
224163
575429
493739
99224
699570
839732
282382
75560
278522
226207
56267
58293
744601
82761
756792
162037
148520
88213
348585
33507
610253
951828
272708
638089
811250
850085
322621
545597
614983
41358
227961
355498
133140
721700
454722
832710
561432
253457
424622
839954
479664
480890
414599
740618
80003
171391
902655
744875
259604
251240
778382
386210
719421
51091
540651
47023
417528
863272
592620
32511
904631
820581
388010
554123
58633
359084
386833
620065
612541
811456
976371
608558
808698
907322
349176
888701
78714
251831
633576
854670
19423
411959
757232
738844
979402
297883
785867
913282
677508
378487
462145
98491
715420
366507
652614
774053
725592
555799
910470
338133
367255
403193
946691
692305
826868
295867
97358
421934
64050
730935
792956
83474
659246
550189
338670
155000
364424
640890
68282
41932
19377
530427
140423
251150
896935
309389
541555
622527
865189
968378
477012
748796
887923
940056
441102
714791
752275
54812
136725
332678
785747
929682
416152
961345
479871
271174
632697
360647
912064
700979
402580
447794
747759
59355
215296
161046
368745
756851
299925
750286
725229
293289
499082
129505
233345
456536
844296
501973
511349
497374
834651
813448
427056
767155
291146
423279
38329
923843
783926
950394
141175
702858
914540
405286
762214
129836
566332
647311
886687
382609
397597
128269
675898
413031
257774
909244
869568
618422
927569
897269
115796
762220
227069
542852
529375
518215
482483
567704
958411
782762
34450
615938
485620
948990
21224
764186
595178
103908
411497
481866
486517
325446
126487
162415
738478
900613
588011
124398
519035
515580
538019
151184
277800
765088
210388
323527
799656
692872
891232
758067
475634
442034
374005
477606
907377
911581
241793
502555
15489
169642
500773
18358
11441
627260
180773
749919
44225
285137
390669
563261
317069
445040
714445
111222
210128
924833
434749
9784
134057
842333
284203
609691
284368
174560
603650
708097
86141
845443
210652
617982
531437
711426
636340
542878
855038
333466
809149
899264
618603
716170
978877
452024
161210
693322
563246
371339
134507
997996
897475
784917
356681
698031
910960
641049
872591
514610
865498
958733
876405
76151
576715
407843
303929
729408
950721
158967
62874
276223
574583
197829
992393
553460
649853
153604
763134
729452
41295
413994
727448
455122
198911
84129
153153
109871
241531
25745
624482
107029
500830
500887
699532
77545
425082
3461
806953
892156
678781
386179
168379
769716
584008
677124
323177
750214
830728
602663
479666
388375
16657
723466
843498
215568
323947
513003
841792
565478
538748
466274
188860
555930
483513
404744
149828
908596
924558
473133
317104
603339
859313
485483
889407
959673
162607
212584
709887
509688
815248
189553
898063
348257
913019
257913
563826
236967
770917
921970
318797
826017
388244
24009
381948
388109
428754
48128
813057
353312
521261
130161
473003
380574
131996
362410
340248
810956
91347
50135
836996
422947
756041
735059
771204
669060
509325
851382
422379
796594
773352
741177
138963
677948
765186
37263
66058
710292
85391
879115
579956
606653
525629
569311
503579
657625
448074
843827
984933
539421
410315
821929
962368
166356
73341
249924
351768
582666
101307
774148
895612
874659
515325
34575
552608
796863
71839
135018
23508
673582
14133
603464
280235
56114
172776
783815
713740
620850
143994
215025
676623
70661
36955
155343
237017
110296
405267
105138
209314
506574
879286
104926
897586
910963
655853
966546
224178
244044
101564
247686
917627
632049
851151
197862
688164
540279
498029
918256
161129
158376
133281
354104
229037
686588
509447
982407
313236
914714
87545
522550
937641
966831
143828
351579
394146
799682
318125
618324
43726
936041
866011
477705
84442
233514
191920
772606
773793
689949
207214
451274
364677
856848
805378
593715
543436
831177
576122
856673
745891
663667
379223
199884
146850
39404
67815
540996
355438
902292
159320
915516
838333
541683
393222
922776
775197
585142
211734
65342
791443
418949
516616
156121
275797
838346
749836
335585
669523
842310
192258
931767
505977
87834
648003
652827
127238
715819
193823
999028
618111
869495
914544
972797
411179
307766
895573
702728
892908
623659
768071
200704
42608
801039
356825
834757
155738
623013
170343
825261
465323
362601
