273380
971300
966787
921384
140479
610377
637203
850654
609405
771666
720149
523950
744463
647680
831716
156388
866761
240977
780048
634832
441681
339008
952223
314858
173766
107961
937871
860461
449575
403194
739414
722955
890846
706202
160691
547677
832931
314246
398331
442337
85913
634832
966287
346728
798865
314355
503117
665626
71684
799517
816810
513365
138525
285385
344575
828643
393347
282446
205456
359274
201992
944871
82229
92838
167425
242921
640515
356
557167
555198
442693
159432
706383
925332
506161
505248
756040
525630
687226
827724
325147
504036
857442
980024
789421
202017
325020
699120
484464
530476
58394
686456
991699
656976
295647
159124
416249
452514
675833
973416
7713
118526
649201
230448
560211
155362
735696
316251
680992
422922
143975
522491
443310
517769
502515
749083
719787
827535
964556
720603
874364
22950
407059
866063
196278
219058
541540
612527
671573
217373
102296
195638
852251
751497
426086
412462
423211
678134
245065
104203
617408
905393
626694
60718
423162
645561
326153
142949
473097
290709
863552
863813
830012
786964
729876
26290
522374
271416
155170
193947
5141
257466
905937
857393
525315
332023
786207
948526
10157
31273
569081
143917
453018
712127
204635
876180
357688
47141
535482
347137
854202
915386
210950
684214
218702
457179
226857
741077
244947
382027
935024
250089
639493
840962
107482
681160
689337
893689
629686
215847
441314
198767
359764
894332
427246
80752
286865
784934
644245
822347
648424
498447
254085
859374
182662
472788
832905
409519
213865
77853
307898
665241
327942
463743
506203
951776
144903
711893
361817
774589
444092
803132
489708
803856
213816
433306
400960
500681
218240
45205
839380
383016
543653
93466
758743
242667
566254
591648
652186
296471
669501
960084
961712
513795
940179
467916
465571
85082
696161
827389
376023
140253
146873
865731
460461
360689
815389
861422
377723
33629
422979
217103
932998
966632
826921
691741
209299
909527
283389
377837
205998
469243
854273
167711
983038
794452
151979
448610
879534
848140
792351
255557
504745
939224
637640
965206
816265
453029
826628
193988
3011
249608
927444
936009
732592
754365
627750
458244
663893
427491
836081
869891
896734
690355
553954
396125
1159
705933
361087
397046
70425
153438
652603
575170
609014
806596
540377
425279
775977
883357
135620
295340
649317
579416
231349
381910
333781
375451
840154
514026
319295
192587
900270
216029
399294
970576
612154
400454
676510
973241
313852
746935
643031
482807
322106
252045
289403
378835
193677
581733
262192
845649
877073
427862
425065
624775
326124
275198
516578
682630
305577
835873
875217
722199
568255
790864
692775
696761
707670
369285
186355
21522
632573
829386
504329
471031
597784
310085
849866
307813
891818
628410
153462
768891
56272
94879
393666
382396
370077
426597
65026
192006
262470
456596
914205
347077
247460
123333
43839
471482
492618
230194
493004
641543
575932
997333
112574
690068
307418
962440
997881
715588
107203
667695
484480
163475
762574
394498
62224
649004
821095
643602
357362
599918
616550
787920
946995
380362
911253
507186
851844
920223
253732
344848
561767
829665
858534
674341
36085
682304
153134
33967
397893
776689
218014
398725
456516
496941
793223
518740
662297
130671
678695
19659
246941
811597
807579
710288
191960
718832
217475
43804
639056
987559
905005
717175
817224
279891
907868
853310
962195
577354
403629
876440
354043
621643
275165
810560
634936
584741
845652
297233
231764
524347
316893
995057
852297
640824
705345
44257
876009
439172
604413
31417
426732
25770
748592
760308
305661
172812
129970
784209
750167
533599
177001
104210
671595
968519
914770
306531
553260
276775
120117
301376
317474
437010
296433
169771
594186
518130
214028
470195
957303
334794
501612
384035
360564
766556
144343
666226
939369
790666
966787
689536
324265
143788
310098
512212
112307
741221
335096
181919
17996
455213
483295
335470
408575
296080
21594
2761
814211
751974
989309
771514
86768
7273
671901
447333
290182
332596
629911
229551
123262
596698
435439
963880
256838
261889
476092
369146
3110
327540
551065
537458
782753
550713
389281
707680
363145
410875
226794
177356
162849
216103
465222
765970
739728
137123
213303
29910
469720
359566
775813
592982
956264
727604
556862
729454
989494
549307
98600
508956
876847
166018
46415
175953
233083
435696
399985
596228
362923
626779
289937
42124
359234
755159
808094
98963
892283
21397
645225
878355
897315
421039
471337
369931
664995
544552
99386
654489
610211
714338
163446
3410
880356
209861
695715
629791
161909
95701
742372
524832
238832
32309
566956
598067
787468
375051
213382
196103
912800
858607
74458
810116
795998
62148
696399
460994
606700
795785
631835
733263
510124
795281
736673
906832
521494
432389
536624
199755
44442
278996
240939
283274
311305
807896
397693
615125
699299
127427
811229
128451
502387
885687
454919
298385
947835
151319
275731
70887
463456
423919
804150
973580
219200
57176
880413
257047
5917
417037
973154
50359
212385
214094
849985
40042
538342
764031
655167
753993
891458
466396
882444
393845
868436
853716
208583
816271
521387
484314
403511
984843
424585
207661
958424
643786
264837
355189
417185
787106
288578
390339
837465
500963
120785
203803
541005
659127
967834
712524
413120
859292
178921
811917
253138
563709
665633
461721
896332
703372
462387
299843
204567
886973
23857
679343
47111
805046
34532
980648
592153
323110
887339
945970
340425
8125
149773
881430
667252
117607
593955
80373
976900
289228
408642
746390
852937
590627
724463
265621
293999
703202
565465
498566
590175
589322
177910
153638
910720
212442
650638
502873
51905
537978
448844
392330
546103
598617
790113
729707
232577
900420
326432
725829
189648
735074
472219
558937
325701
196682
824558
136052
899884
906375
634619
6412
12049
328881
676402
922770
57675
327041
425643
109580
865019
390839
18263
927474
505809
808376
657181
738386
708796
499966
464215
414796
235040
936434
490085
77094
649468
830995
213146
65704
737371
364117
72116
749420
692998
748519
672190
267026
75560
614186
892958
456931
5025
911221
384405
27186
235949
557938
765572
461097
57904
229787
392245
809297
682573
882330
886391
848393
713326
615889
914098
967049
496359
502566
716469
705709
767437
905012
972735
842997
519198
865694
816280
40575
293267
200685
584114
529217
758624
349686
990314
332880
95826
382560
142177
294751
781242
544920
143145
494568
677162
57243
461617
173521
559809
694439
879230
843599
599451
851966
686596
635001
234012
19229
191928
527279
219914
776042
56496
494890
125729
563163
344123
737907
945723
486300
32658
243317
547573
175803
737886
224735
749398
715855
398256
825560
926646
793838
669159
526097
645804
872107
677450
396168
891336
869379
923448
111251
161773
979944
122493
803854
59459
466616
541761
521534
469269
574420
764852
16842
266575
19090
757929
15974
734945
672537
841534
661592
466375
510693
704041
628532
899152
381492
24700
790489
767223
948148
418092
928996
444445
540585
732851
503904
523554
790964
25439
509175
881736
790291
526017
148312
809381
800298
680638
60678
472835
522172
238622
939210
549217
942664
567742
964721
840508
108795
755210
124083
56943
173302
53079
17740
230240
302282
521645
753794
609599
547084
262969
491335
853727
305338
155999
179460
105636
836637
240138
94823
875161
995113
34033
940730
454129
118128
905452
294637
226923
177014
935072
800218
350317
504503
817959
96909
806786
855956
367055
932737
919392
146376
940424
773119
451714
96424
952579
73702
449413
709069
168525
324575
704182
718910
781657
674663
353390
203461
969300
580313
380476
904372
896884
730793
408876
231195
827702
732014
87151
194757
181103
6543
341133
121527
296014
309199
734303
764945
899253
183717
990366
584130
24644
210901
303040
806301
885564
656431
9763
371217
753096
390239
791941
166332
637384
200817
397527
981438
449183
484678
692547
146638
7573
550032
268166
819939
859231
2469
584884
274836
702538
91603
858966
727182
302504
162006
49836
188068
334789
59599
559285
87886
966190
867579
254218
119926
584748
168098
101364
33932
169128
310263
696922
693054
860295
965088
512993
719526
483910
614230
994362
186448
705833
853328
429983
524689
531686
479819
712757
382828
55770
788395
470714
538312
172326
241284
658238
757074
925734
275954
791006
94863
586217
4281
787917
446512
969369
817262
682390
969631
431492
676752
672432
653677
46432
618767
178366
94470
98586
407476
477298
154356
712223
464364
209020
884549
222001
867258
641623
147735
143212
948982
758950
245781
953263
546867
692293
438984
364130
374683
924968
311974
567787
597400
965652
130571
216167
144018
225041
831105
551494
218692
501813
780069
683056
710833
664618
905057
94443
306242
569145
754007
255224
328095
999788
724839
391315
208433
163823
271797
99468
88791
583771
667255
202543
549423
314178
935062
209794
55571
766167
277640
274263
267980
57710
957320
495165
722328
378729
589608
544922
464226
343615
316498
792322
859755
41337
183637
68188
721513
455434
167656
810304
555557
351263
529200
621333
665441
464262
831127
721013
230430
108767
511628
14762
682829
985300
509928
921510
364030
615888
466432
344608
959504
299283
136930
335611
856972
836919
403800
578485
808705
87808
905142
364263
439072
434342
985596
620865
898604
333075
858230
645386
958194
369859
660149
641024
355159
686429
562534
235541
302317
545318
580150
778173
360953
233432
113785
217926
70352
517585
312763
395409
121745
217905
276024
560817
168599
777972
698035
67204
111047
556265
712590
69242
442476
889091
226618
313988
575520
305504
549529
877838
367174
646031
656011
728128
395816
286148
462406
466168
320085
775169
377929
441831
509427
653954
519000
678026
948278
217035
745230
59326
289653
974173
644920
732129
863264
871538
46117
955137
693394
111999
832975
60568
274382
5338
305048
670198
291487
767454
652718
611572
542624
30648
53403
52051
200954
572404
730077
149232
305791
991660
724910
595444
482185
886182
843926
861801
274072
406395
816938
967466
34746
649913
544387
309129
171604
849435
495679
463091
616890
148398
74663
675866
695398
644419
244269
412704
733175
490698
78288
38966
482358
803199
150763
480895
205733
994689
342697
479806
917436
159635
447272
952183
325901
991659
777664
13857
841095
273343
476948
974337
938093
67963
650203
633491
712382
894472
562547
445557
385170
640836
876
383881
960387
151639
864776
166120
662680
723825
645926
580116
399813
609551
48651
242066
601210
826315
255923
958657
99659
732871
932994
37752
800834
99549
187596
29569
994021
750143
991478
895544
390979
508706
279425
867718
176697
660553
33839
839377
384379
679765
935846
784192
289316
500849
26258
406879
327165
282181
881888
943176
531404
331235
497280
848590
430784
684876
878159
941158
951372
385990
836702
858703
894696
632479
726422
71394
293032
760261
427123
677411
956378
879321
977955
762047
380171
4213
168926
223688
802746
567166
683216
334150
898401
180496
699093
329186
381725
93604
786696
333097
479594
623398
191800
890643
255877
434574
478389
65261
194835
905512
742673
151214
301186
720628
429613
197709
241194
598539
421397
560292
165705
620965
410795
580459
801461
109888
425997
183186
203492
212693
32635
683087
352443
740788
90082
124672
175362
568471
189933
886550
990335
932606
554116
291521
169587
983729
5582
927133
582268
426979
487425
264325
47944
414572
361136
365758
524460
787133
65296
727953
999826
97932
927392
352269
355072
17474
476941
530434
585945
666875
416984
576280
115833
971100
384154
801772
954829
389736
245257
53449
333068
249035
834127
897364
663607
195263
779474
188068
982397
844771
916021
498575
459055
359765
367197
814127
377239
844138
860913
479536
27365
277898
572168
659551
765350
956322
977675
236532
862411
222933
806333
711831
988320
156812
125547
651927
868428
905022
356347
850825
749793
788720
865752
725200
148485
232949
539327
525724
593440
916592
521612
137157
194490
93781
313060
476193
566455
290736
229077
945218
30021
551762
657049
534693
708575
782597
186620
577003
203971
542968
944180
470116
848040
809932
195316
996526
559234
250995
38602
669026
167587
560215
806183
878430
170348
635596
870975
253155
926332
100052
198374
472705
651814
371775
7398
876741
670724
710370
453744
874695
769690
397924
861163
617731
724209
56479
130609
799795
823826
169211
468821
507766
245778
791356
386196
932478
426952
773523
185634
869636
389927
384008
342341
558093
755783
866091
434835
426508
92814
404931
817555
862504
802856
678719
996587
43417
251550
127196
359564
591729
812760
828385
99495
58538
619741
2043
991017
563046
775566
176651
432682
681845
77011
291376
239938
349146
673819
674773
292006
766633
79705
109562
145490
398913
304633
142077
958682
72535
269274
318246
664264
598386
662983
763759
656924
282724
765802
164293
845770
57720
857296
794805
739565
934307
86181
979504
799806
760000
170629
91812
42986
766686
201374
188476
681951
22359
330553
640633
94895
116179
475231
759159
230917
138214
522919
887842
937291
805073
568487
299413
379146
942136
94218
118711
392795
696751
614567
192601
973104
785197
284414
16090
68235
2140
204566
750187
24500
51471
390820
119395
684003
382404
394906
914920
520618
434177
319114
457909
239251
403954
757323
618397
346090
367893
253460
738885
64645
868028
931487
554101
169577
215901
570191
237812
218041
291109
987999
758893
858932
895172
878288
542935
277576
789547
974208
314546
223724
809674
772456
462975
213628
46131
597724
559718
414024
851185
814956
995021
235565
746443
549122
405142
478696
635665
642954
213089
926774
630954
971983
302059
42478
366623
844994
320054
156170
335554
634600
379895
145229
923408
359222
875209
969539
956947
951280
899916
324484
766236
411289
560049
29031
960412
965191
24079
596077
608145
237168
39204
755451
209151
341263
797929
575775
702609
117983
248297
554516
268936
628192
216097
192344
987415
91306
678236
460714
42586
578152
785198
325174
989441
345247
870557
466205
826790
894636
578635
434935
131805
134191
706739
857308
475454
504668
433083
694415
139004
681381
248931
407940
825925
465028
116636
813340
556335
794872
790406
115273
889376
575604
956800
395170
437203
827357
861375
263993
721994
956362
215281
853799
90553
922020
711107
566007
943040
660543
260423
82044
858276
25706
6336
684201
490735
639325
13894
563422
434197
320652
195047
839926
896257
151847
235096
849812
495557
612823
113806
217551
569186
845439
587702
659739
767459
298809
225747
226851
475704
2522
825248
333980
544580
831584
534534
551667
987261
64780
115089
937811
385432
826489
777737
798041
494688
12833
647854
990245
625656
278012
207796
711194
123451
795498
370934
407262
610660
113033
634113
86364
631907
459361
936697
176487
807298
987583
728155
310911
52363
359596
248722
954147
186085
26459
752189
680774
555644
916395
671019
697653
194407
395168
408847
317858
707018
779781
725120
317678
409166
875585
920395
41073
851299
373444
217561
174949
361027
462068
485860
929742
821664
734583
883889
524102
761042
152430
204876
833039
68825
392247
530692
263232
303767
939539
97442
10786
235673
822562
844816
644839
214500
765211
202265
65799
655007
936178
240748
16034
398246
242960
462128
219910
977543
862370
260364
254938
14800
981592
87977
599978
890192
135021
379562
193959
590912
477005
721097
826585
815919
565914
987777
30419
847477
190042
612570
502485
126220
369670
34871
40818
612631
497000
777080
106526
359370
37445
361464
890522
19037
965793
490500
909229
100814
870063
619541
208079
347068
340638
551016
679339
422904
538793
709759
786734
245187
838681
289219
887759
208352
840442
928577
337335
853794
222010
443861
213164
259455
321678
620039
794844
287471
626891
704074
904638
496954
839967
112717
360374
180605
663733
39714
119862
718879
265825
906596
480418
620858
712167
368178
829210
552609
813107
166545
406404
35117
126759
135920
810924
448437
755959
605769
252260
382851
309843
156898
396157
666162
785967
272884
846767
449701
828950
482981
684932
611127
389577
165350
231985
618096
49880
61196
170706
379340
744093
93462
414457
387204
745734
225382
835641
501694
831151
87902
400897
657346
244800
313406
323508
547120
586290
686627
513173
931592
685961
198105
542719
75538
879807
774705
693635
929688
352253
380693
309028
96346
990507
239837
483551
736241
465219
835544
237935
812722
923446
155184
986420
684599
984943
826280
231719
571233
29260
744892
502826
715221
459349
561897
307111
339156
336602
517098
268844
688855
414143
94224
301554
404650
334062
301457
140892
315633
137001
895179
644708
576800
50364
631128
777751
35307
973761
9470
122892
519373
270714
142070
750946
246415
703968
574409
585571
556922
91508
854416
245778
505651
948640
63684
910302
799054
365141
51194
114688
18494
946373
759396
595294
513089
906876
373045
64748
880637
898867
703993
916362
685933
362415
667308
932348
582735
241718
517920
139658
849578
888688
901788
871581
353680
481824
781883
152735
846965
349429
267423
865459
812155
543171
977106
841596
450047
350151
422697
847037
765371
126690
763399
451304
5457
947060
383653
588193
705130
417925
244203
71060
306613
662343
942641
176645
144167
240877
329380
507484
590306
113155
889295
918813
656326
866401
760410
106374
732905
699459
469763
14628
342501
749514
465932
347958
696574
365937
452503
918056
300214
213058
989116
123179
391753
931758
299825
535920
688987
145557
559756
279293
258713
449052
714459
431391
831805
991221
54117
81062
690680
523880
95690
33181
273395
77975
381139
486321
960264
349995
404378
260479
563053
909846
383658
954807
841604
199835
7079
46943
345393
83188
326237
604106
532240
557048
551849
880397
548269
605967
477812
238949
129847
573502
272130
919594
167829
169621
405916
128094
519616
326646
904925
599022
236492
804935
70181
594449
4771
77260
641392
350164
160448
483981
470622
209040
41029
22471
605790
589298
628438
83602
828247
274638
173456
616729
194232
341286
302703
116500
985732
338671
443146
407009
937693
679639
211944
524226
274088
216715
601487
431832
83231
278287
915814
553853
3680
956843
92677
125822
546142
237467
209424
890741
512105
899232
23823
222690
756870
326526
855542
742602
665197
298689
149611
119243
494680
877908
643469
285120
94623
761308
716952
694207
555948
632766
248060
75980
589610
857089
201802
652104
94557
927578
542845
606662
826810
83020
345704
583681
409546
201247
842635
591096
16288
508599
226691
27320
386507
870160
312440
997482
147821
545744
691689
703769
178511
456102
296101
284473
313191
497903
936577
407748
425481
995774
530763
768643
78795
876467
868676
4693
594066
711312
595789
126706
219911
822480
154026
606418
208993
982818
603900
356814
44915
811942
576935
223426
268044
873036
24251
581235
887291
477180
988984
829124
989306
519747
597767
68101
912566
466444
589147
22985
694108
701288
666043
914019
40121
820070
36789
249114
319240
640689
122280
364155
968983
215567
103933
237027
88603
644536
818263
975894
121716
323599
321370
111023
843346
919137
695476
272264
901933
284623
811601
596041
985912
477645
26412
26033
814067
63201
791499
649659
220243
913779
13815
189226
129346
634100
426254
734301
278637
760869
226547
400353
84468
547917
27728
444166
983406
723205
716430
885340
524180
44384
997733
26444
522029
24146
52477
336096
603699
360328
985755
823942
790459
515922
13169
919805
150023
955775
170458
945012
716644
913357
861717
801112
461274
889446
245278
961033
129003
478060
846373
653183
522444
360458
679628
44473
900956
248457
896921
504656
125138
399029
328598
915597
914951
858119
351755
581326
813894
522213
526338
530538
435571
388056
848002
413197
793854
93280
374230
439209
87693
736955
608744
610137
97414
804724
170963
998370
53182
67884
503026
694672
466913
347977
610269
898217
206096
962024
479543
536343
590
522234
583233
436161
426642
431236
365710
736848
40868
739941
176057
128561
993248
784801
255051
90662
589526
426014
605385
159060
10250
624763
853732
993516
489092
464001
408085
695189
942378
403980
231532
942968
926214
331117
895481
352856
762353
261191
606056
319574
517484
782113
448135
510733
566915
219538
601395
672793
161904
723132
831853
688507
864248
201937
682023
353340
665938
606460
48529
124668
10440
796413
67636
936655
643883
963117
805863
406236
224309
411920
725810
741793
194033
690298
768878
277300
909836
886626
466445
71741
609758
298298
276600
474006
16587
958623
343699
682526
565083
908580
807194
575523
221346
391183
28530
865229
354300
834394
271465
94961
762666
513628
353107
473051
720278
121985
266704
630114
8611
733149
218207
618370
547800
494807
608728
564387
969782
952427
763265
51217
377360
86812
143093
598706
477995
171623
463935
832295
522369
735400
443609
801387
765380
796716
274439
485658
435053
541143
632125
443665
790644
850332
578387
338444
861492
703467
902832
347626
172247
182449
398844
549607
269261
58289
148313
747256
229912
612248
95904
268634
864000
539513
70021
629381
852581
860812
631391
287634
918307
263516
247651
708952
630201
826038
563748
8045
529506
466580
355671
218105
165382
270867
767712
434643
329156
916025
181900
75421
44625
794156
344055
908625
850021
930428
54358
702602
791241
685750
506588
709548
465618
754240
418500
95819
96630
982249
103864
142488
965181
975888
360593
130563
246755
128305
81559
575912
560682
263459
651333
605307
57615
511740
30285
423988
442168
600995
126590
233409
803097
149530
459310
268716
903770
394162
880887
401
892763
501104
659241
374297
476992
19835
21212
723747
664492
102771
816011
225175
882582
983696
346834
940197
495436
893471
364185
453957
494467
7127
203718
297564
156658
663028
566280
576780
573543
447168
93533
466306
464624
752775
840603
941616
772610
378168
181715
953454
480939
514079
178629
363522
497775
41816
820071
509564
935287
700609
963521
946106
224088
167239
243671
380746
346620
326303
473879
920163
289823
83764
386469
754447
836539
743425
696063
125501
121593
394131
78956
118884
908210
773937
482406
405985
332105
302478
431901
267393
519439
395422
213499
743527
562662
973522
640626
909282
299826
114505
345797
589649
714621
732266
344097
551161
992043
556512
193014
629988
466995
788322
265225
375205
78612
747631
297543
410717
566461
729444
194462
602252
641219
924314
345780
203881
414188
986406
629515
714014
617263
975312
820016
331884
223930
680465
399397
732326
753329
108764
878666
220325
897086
143891
595530
492050
407875
409425
419120
974336
655222
613582
576589
296441
54248
438721
16674
468437
425127
646189
182451
558742
137853
518819
406978
878135
199284
806376
610461
952614
915140
5480
172939
328578
149371
284821
336981
557246
210599
756101
47935
865821
369683
140876
162262
940284
579597
695288
408721
521076
857829
107524
79818
995682
626344
486796
390169
825628
809524
516983
294594
241016
522463
983885
85947
671834
268707
422928
745433
479306
179029
793368
861479
65064
934244
540093
5348
30193
235381
414069
551269
93210
521594
147439
605244
664290
150587
995413
6270
960112
512396
300865
717480
34859
284750
803427
223046
69809
226355
968479
65467
921736
278199
926946
986801
728795
983391
508501
758988
218772
922571
310257
828334
960517
974048
949930
624807
124635
461696
631077
84747
974092
448294
802228
525304
733045
122007
264702
802854
348363
749533
384674
786451
27732
311620
773252
272879
295012
281754
31867
30136
720677
858476
374823
197546
832524
324753
338705
957159
786449
969782
558259
276894
934429
876839
802198
667474
998846
583252
986680
863561
332785
371354
650013
876869
199327
939617
149748
10691
737723
181615
40827
974752
556443
415650
172298
388967
256756
511003
862478
43205
997138
420737
320099
931567
297576
638649
115393
296423
221901
618425
159984
71038
506132
326349
947907
705459
265967
614007
232502
520042
311974
789681
494795
868417
721684
667093
773736
978440
694449
636215
21645
691587
573304
858097
139506
870881
496746
254899
683656
235000
873324
359992
306038
895808
686342
770298
601267
468661
900657
350121
505055
212632
139803
999850
597401
861487
183296
371138
356279
877745
523705
894276
85684
97009
752373
225190
967890
765472
996441
167898
472
386117
527891
822862
281926
730585
109512
399545
715598
10170
749667
220653
739154
405822
220504
852907
267309
920152
740397
139940
797897
264102
34216
399933
361112
302942
625123
845354
68414
137916
13253
68886
524033
57496
408100
805959
788081
33965
205505
20031
560487
955172
240684
299641
360994
977540
668900
144655
897692
409298
800947
211941
673400
835163
611874
34512
138105
753349
396219
722871
891265
925824
308109
931651
983320
716210
737610
287753
750175
943115
307784
310662
414639
548468
126655
291985
526009
795555
952992
940053
204853
753939
151995
394606
105455
280221
945470
759912
33571
341689
482784
441188
267513
790893
889191
767185
507103
626802
54938
773630
86269
879074
600644
17261
427543
727299
309246
469904
39207
262239
926309
760412
532530
78304
155018
637985
874878
100489
397898
424801
958530
397034
382341
742396
187927
271533
509581
211383
898335
80872
985013
500956
959946
102010
518217
903841
829309
827464
373745
384868
606055
816407
145281
654937
411063
816651
809275
285941
433492
207173
710742
392023
120559
93084
650771
308486
364617
160352
519869
779304
241224
21235
280260
201171
123245
798478
105012
468906
142294
995110
853775
264701
811517
515408
919638
222580
848411
728913
24874
281904
452438
735616
190279
572997
345052
841050
881484
709669
1402
917705
5325
758979
455292
285586
476502
578537
600416
97866
563796
742710
92976
933923
523763
420845
449331
443401
159778
814094
688667
184652
95998
141105
436620
802629
230455
781673
643679
628291
7694
161434
545996
13020
436765
517641
814958
913267
96178
415374
527485
176326
674436
136814
110249
198199
557659
75932
157952
233789
890027
846619
934793
502377
504077
371414
305007
734532
153087
465038
362823
160781
142824
425171
690153
579589
942812
505111
9208
555343
436837
536694
731669
111273
189860
841919
825824
747519
917851
983777
497661
324230
346748
432454
826608
850825
803868
647967
585357
473307
113005
464532
634089
772182
406056
840594
868123
865220
345706
877332
936915
298895
930378
668585
926521
120238
26856
752345
384109
461059
252474
398122
785290
599223
830577
128250
450048
150797
776217
551758
624105
405574
532642
774546
177756
938698
615140
45880
320271
477198
439564
257186
292446
886294
925771
218967
522884
468979
971312
906993
446391
223787
821468
231681
823010
652045
876283
789410
802842
168852
341168
943299
90778
873811
717845
784887
328861
849338
830767
649132
842888
786683
906319
135334
189329
348442
354301
712213
817422
841966
135558
263813
582105
957026
11846
921467
609071
404481
710877
928266
573333
52046
387917
180463
442209
105763
965350
771070
471453
312469
936555
830693
99152
842874
482380
288481
191316
836681
694
525090
194999
652605
305255
777104
609631
833453
698571
218703
237934
409449
663321
327619
977847
51238
508083
936408
673353
473433
223830
661158
785903
160385
491852
401407
519611
974232
206241
227280
327265
723287
268722
522265
375892
573978
815721
985524
407431
30645
720579
161718
956446
383900
5689
450645
435138
513772
387053
624844
503558
610883
286002
805813
287621
777854
207220
323584
752086
929813
550864
595704
653101
819587
117969
545345
909917
450042
530869
833700
480687
251448
995418
437133
151700
1108
887778
103191
31232
791183
728035
51142
918419
14037
856955
206040
308244
580528
529624
576682
510341
596841
172386
679794
416428
806707
225140
326345
773102
756009
676397
253789
523810
671816
207275
675510
189276
611405
295053
736860
402589
23088
788003
321008
553478
161310
43400
861722
741838
89376
954756
252180
686217
643495
931974
618997
450202
673466
461694
223304
429476
138092
993446
469638
326260
717073
661500
31888
328478
956554
768748
731067
979642
73103
568427
49472
234414
128179
427546
976252
217556
382303
744784
903773
25798
193111
39123
992352
866577
500817
215657
812405
638909
725455
282043
965169
442528
943544
513409
771006
900098
282158
18426
396092
871613
103205
961917
106027
231385
389463
598632
965293
771766
343416
385418
797564
536527
424541
306269
919457
925359
521926
731862
80620
763733
13906
562142
206261
473802
75551
493619
890252
874061
28397
802696
745675
647955
764613
851702
879340
154077
450334
844633
442195
310103
746403
239760
362982
170945
62381
282439
612656
100659
14302
693276
864392
544560
255418
587005
534714
847322
596976
424966
721383
625374
744014
467058
273329
508628
318761
669021
662705
285447
30006
104900
595550
776409
861012
958533
947354
923393
757324
76362
540404
287978
769639
404796
832538
541409
991801
883604
388731
105130
308570
110115
246856
568937
93525
36537
77565
412286
705558
256622
214086
251916
877874
325988
28325
255239
284521
492032
694984
558198
568394
235389
846176
854385
640185
195067
395795
148339
78671
300878
769821
903594
927345
16677
472531
20871
53214
550096
949509
758772
806718
163595
527040
200944
489584
71717
456183
290457
80101
151168
848655
164848
902909
694832
19233
59446
889899
931380
724137
968570
232259
493958
388516
675956
510635
861047
696827
563849
411143
646337
838973
734213
326284
366013
935158
815868
437731
907693
106326
34184
575213
471333
199032
478122
682517
218266
53921
88768
665998
778058
573691
898257
272017
962207
574214
782652
823255
787393
346502
750750
433730
701827
484964
760015
67841
936474
92235
21924
360519
714913
56108
935733
186247
255141
930207
385116
989759
984128
473885
655757
762187
47576
70367
34204
526135
160933
333208
349390
948326
679710
100141
382057
897890
101457
658424
965731
37931
750659
504007
398450
981925
560115
850535
168172
331608
780743
69640
837719
281223
543525
493477
559762
107453
563844
593966
633589
724777
443527
499331
189455
639589
115824
571512
537479
217281
746288
503210
771564
13300
523569
686367
995225
600037
536902
679749
931645
833997
749389
769365
115221
809267
779194
191335
916720
859390
301654
66661
100519
745181
82345
289974
384770
198169
861487
922250
931803
124127
941812
703367
137427
465382
389734
132652
581771
926637
812401
29768
276986
78143
799133
908559
887410
94679
99895
320482
954069
401549
387144
54588
146730
985841
344563
531500
184010
722402
970102
115813
846529
911915
819181
500309
893649
725267
149313
475420
168256
478067
505188
445243
556210
820674
353802
443620
431705
453697
764102
385775
855246
667598
956715
1976
653439
817630
49829
353802
540032
536283
469615
902914
448198
805148
919575
858199
530416
68888
849971
698672
546955
871512
143915
619517
208538
14070
63137
640243
467767
343592
542370
839366
527542
15438
357694
180982
833068
923875
51136
889453
460159
520751
308719
424709
842252
228294
282909
372668
297182
649232
587692
360490
520744
247960
980007
245634
262030
559497
885878
246149
903089
944600
85515
946983
960038
443210
644317
793107
883437
695453
198912
343596
216205
507631
768306
574809
735925
567567
947477
549459
216799
51521
426301
253896
299481
406309
499530
77863
965806
385408
324013
385247
846361
925880
848582
806399
885442
492900
115858
768880
188353
314770
112476
920910
338753
397134
495719
591030
964701
959548
140490
181501
527422
566791
435397
343255
489452
451279
421119
971610
353040
261484
873209
199401
703716
721792
5800
589159
214692
638011
874391
919397
952781
503219
840308
291535
900354
852379
398917
865055
328280
539407
562908
855702
622551
514657
198957
628355
965937
620076
599966
318977
397912
989527
34730
101629
711319
40530
207140
442363
678541
81531
361761
147675
584750
718421
955562
1456
570800
354479
382864
899080
410239
945772
271134
549142
460430
470092
177497
942719
606520
293815
778048
4433
283343
812778
622414
994662
369660
829554
953378
564554
427437
315139
712229
528539
549912
184143
529996
637064
538622
912860
52497
465213
858632
323631
14355
835414
793723
708205
294485
916596
2020
588885
921029
801715
401663
59795
312730
771324
889349
266108
335878
316786
97599
564459
845325
647511
748602
891673
284575
803576
804533
337072
268790
179518
660704
799497
531284
970779
24054
342122
887375
26075
931007
324756
344142
332671
384551
656872
620347
790252
439332
472577
623390
536931
553388
985068
700794
301990
876741
985370
621918
197627
838794
407060
893497
15850
206558
424781
502982
230612
766903
390357
773039
214263
231466
633534
546934
132369
290406
683633
922622
246091
156210
62364
299374
709598
47432
169
527940
440526
501891
149858
638153
340685
556919
531650
872888
279829
472783
375870
26793
756039
282579
799833
970302
514045
949719
517236
162767
240125
717221
601741
2568
389783
664105
301943
615733
227890
302112
660025
668416
320355
809883
306569
177392
883154
354571
50280
679335
827354
942502
706129
583393
225082
22314
553695
255479
972033
587283
934598
728510
304504
536339
247431
210639
716797
549374
826372
944687
367838
486397
613103
688193
812633
436024
381937
212139
790595
432218
407827
617949
891072
630308
201343
116154
652622
271390
887986
141007
858674
822584
385869
679530
875276
633300
406522
592073
699026
232894
536760
66864
235644
149863
271409
564629
102239
653347
293120
892834
85565
700947
510783
976637
331255
228478
609144
500229
499869
13482
157588
874895
836066
59810
70777
711342
693110
477299
303415
908489
226546
356527
975353
978542
22742
246763
543171
124981
900110
352643
17815
502027
53591
44951
995016
901198
789781
120512
917780
289650
133994
591720
680897
486413
651530
751675
714107
860993
745326
533875
769482
971872
890402
261187
950414
913145
507950
9937
554478
924412
362581
88646
942791
932524
133597
454160
833722
923378
574672
267854
729381
225019
859575
926630
227784
511105
194657
941891
888450
939984
475766
657932
428208
366169
919120
894975
795666
943422
904912
866496
384187
267493
955142
326978
200017
605091
297490
550092
528470
388515
817946
774203
613534
193873
217185
841318
221331
411843
299561
109781
868179
775328
284066
296387
657849
203186
191362
969867
662960
612627
836363
47147
880120
791506
890478
596490
396597
187968
662934
441419
576483
480880
731974
706369
191106
949160
547687
412437
877355
847249
522218
745534
138929
806284
558273
796778
525822
265988
766645
188783
878615
119360
752282
275087
910866
642760
871577
823816
830729
534511
781587
407212
531744
513562
113582
722850
979074
177621
651639
856429
541222
690209
601963
680151
496494
160236
993281
538668
942576
276278
243803
821191
395639
996086
96279
822857
638846
484208
163025
469575
535072
944613
393140
583168
974527
23074
822370
953601
200695
474009
810030
258270
164218
411993
454773
177064
88581
448055
715733
31158
240685
475888
368701
152676
471974
464980
491886
110821
465541
654911
96748
613
599524
489888
583781
574051
512962
406151
527652
230010
396512
854034
488280
560730
266027
943053
254147
870961
907460
486232
418471
664498
962120
787172
817174
434095
768505
825412
61268
234046
480324
158016
751011
596200
164257
851144
686604
193571
257295
730608
939933
170159
584643
428213
730889
367022
887619
501388
237983
311431
987620
172806
492281
949741
959979
825808
900188
244836
651220
961456
995234
131544
635824
746245
727745
316433
597389
930701
26357
371036
661309
966290
541195
762304
910856
788436
129327
314827
289825
883662
626258
277445
56469
634892
743538
532800
460700
160078
777636
111920
121534
289222
243465
273711
35467
487562
106496
632856
418263
132853
520244
595924
99144
61439
358229
526352
849875
487556
841179
656052
887570
983789
449850
460391
618681
193388
993191
79381
353467
287179
191302
991353
576401
434767
781416
128220
438681
887913
277428
373296
537118
797672
969220
152614
859111
327449
678966
225339
331357
520145
881391
735280
20287
331241
195671
638968
40982
705215
718350
910801
508746
426004
418506
601500
377123
199923
729720
815804
604188
523501
189100
141306
321173
158320
293921
696637
2122
972887
438328
849831
9385
319719
585111
29672
167313
297135
184992
724647
2350
419694
635448
511096
845698
53954
628948
222821
770229
875021
38625
374417
398522
744077
515724
719695
418750
325997
932684
420872
815236
371012
787055
340973
207084
372167
886997
374397
669302
71990
615396
188004
491684
250844
215452
853735
821150
844401
76556
591380
719422
631534
482149
117944
891963
514225
353991
310713
840222
286676
247937
655459
174040
34993
996432
381124
407160
883430
755521
592814
471772
887269
780818
963456
654465
512622
333543
475616
357023
410100
583348
592797
557986
65497
227093
449949
96075
581085
760663
936297
384113
524952
108108
558153
559945
104541
939278
483457
504323
211151
592623
976095
98421
373441
455903
269238
886064
789447
744854
759439
715899
844554
352237
790237
426404
579330
240186
522479
676767
517201
458776
577232
42154
566885
651738
118451
187778
107368
601909
208453
834871
194532
700900
449644
84326
156803
718883
486742
462602
980089
246181
694853
824644
114770
485090
251048
210453
241629
289879
403572
758830
265007
980805
317336
831892
148895
435788
536022
772615
37697
744475
607486
748581
961727
573483
832907
634883
292366
836001
97485
272455
82183
308691
613451
713305
793781
380851
923758
35410
670730
327331
310593
935738
824488
627929
283982
489735
580069
820005
262350
617766
80832
386188
882700
42560
959671
715607
677443
252037
551609
291280
40845
150144
599971
654296
863449
910105
551500
303560
461867
222230
147243
288812
674320
488083
433094
958303
977818
13163
294660
756520
147282
375492
142708
29982
934404
618732
261941
128199
387121
329902
935832
944318
480046
52155
114967
859848
478612
666467
679760
940480
888697
827003
745644
563018
831438
178738
37673
809256
708254
332333
82128
855536
224177
741188
401870
674934
359920
663811
803133
263394
510066
738965
207712
990112
791121
322679
366312
269733
989146
562424
726565
394196
905779
988562
957214
737217
167300
511239
62825
391906
843572
144953
763794
67749
402494
165664
259035
278766
345828
62169
542160
855894
317486
749873
362358
624959
588904
245023
411045
578051
807447
653962
972247
713227
642524
445813
450444
326177
473404
513270
718083
316976
174575
481878
901077
577069
163894
160113
372188
509722
738634
914348
365616
56120
180573
727975
681080
769478
972998
608477
863881
296797
262439
352480
10024
904964
314645
976821
747493
788049
6443
465576
105025
181018
463806
522454
274440
627701
682567
646628
653775
421201
77328
19392
993674
257902
263719
191106
543732
753069
799583
407613
49866
62022
276445
576243
483338
591090
553064
230831
379139
559507
212760
516
256877
676566
522970
47669
820619
205538
210649
474395
143091
287978
10139
136765
62232
790210
327871
122316
543279
127454
529929
109497
705829
806374
202092
705519
397464
755156
936351
292955
831015
665463
293471
604245
858381
816441
651914
679001
538331
378916
669748
681423
183246
196239
818188
245478
986449
662412
367794
529728
306218
414075
155577
12047
736801
357670
717567
650617
629178
170270
943572
976546
835733
237043
580791
210466
569836
749057
889467
108168
127973
75567
305943
827571
271806
124131
73049
258255
302895
957195
304335
609114
371270
976265
137513
624423
850287
371432
275040
479465
541702
218612
456011
893787
972007
553154
104254
58196
818564
510073
166364
946537
101993
472307
290461
890151
112790
363510
664759
932038
837058
485446
541152
724680
461711
678665
349104
311998
566450
624144
307816
624504
359109
763827
518292
847468
833334
138898
905664
651898
165323
72028
114787
783668
60687
405248
673820
689830
285111
338579
621868
122169
824025
679372
846849
802089
874389
195953
114087
440839
336450
421903
65344
211911
702083
99988
59379
51769
238886
965044
703667
920561
553424
334806
704230
130464
740055
378050
820294
25166
232981
958514
663687
57006
637886
510536
859095
512275
222842
489535
953115
75644
427790
534811
287555
646225
634799
346934
697994
390037
828330
401661
310598
381755
736468
531180
512219
992875
425582
848865
18041
658563
807379
681728
715570
445265
708616
91017
473892
447810
96904
427007
523454
524695
478170
811009
170920
112969
674296
868915
19358
502626
786928
329957
400733
39748
377489
912952
548975
803072
278169
83368
461635
85548
765096
693557
47165
990065
300927
521058
437875
397831
464417
477682
438878
942588
288691
609799
571909
479339
995066
591268
981966
298346
437577
382699
854447
815066
812004
403422
618138
90173
486791
596126
692074
768239
806035
739239
758304
106962
260297
712532
21146
241067
190214
460024
183655
995257
586175
755564
990949
581241
346832
972915
395940
300761
871966
250387
115828
200322
653809
250318
290496
656952
846444
498922
425192
652480
238161
699848
275794
14811
928732
296940
255878
635298
273317
439533
630556
859492
711449
621505
957086
574634
110772
353026
875395
499090
119765
991223
699413
773574
757894
506261
946879
604338
5183
888423
773170
243344
588271
565317
774507
33356
862257
30385
668654
651926
469918
815562
511419
697720
953419
468505
788706
64191
337883
664101
79634
457648
171677
779047
747574
929571
801660
694453
50261
323195
582876
823432
82891
687500
388749
857399
720856
767358
887784
905862
419285
874055
721425
447056
571775
674844
431913
360481
255388
769796
540934
335022
227444
228963
630421
491370
158534
432081
185824
208796
755276
285052
548580
354519
488904
453681
211918
726112
737391
99703
631975
156676
973758
353400
120084
61885
544596
551997
938718
799984
321793
479652
651358
65589
708616
281779
556960
383502
230212
259136
108650
501840
60540
173582
856360
549445
627263
68278
275557
364655
684333
907532
37683
658091
777284
157768
236328
838233
226117
175046
154569
547911
171051
805928
129852
396019
604059
203164
779521
350624
462300
404524
368816
39193
578106
741528
588638
721722
809807
864195
602729
10492
288080
640412
184936
581716
314532
421264
419949
540650
596311
574519
604913
283714
896799
734765
679733
500858
454282
975606
367834
432934
896482
736651
472127
474589
478179
60765
712663
804338
441313
315392
814831
245745
472156
999767
827461
786689
937383
763763
843691
50046
854634
964956
333760
751433
699721
529845
768643
670355
505452
136478
103290
918286
389481
575417
909227
867660
636183
621890
188351
593848
453634
3182
839593
925791
519301
183406
228832
456684
947169
588875
506731
318155
553831
356843
585940
769904
886689
354584
440260
908493
7414
543550
826779
396895
118967
252359
780907
271502
874249
969258
865350
327884
488792
704943
770027
8093
404702
998859
981130
868223
587734
4213
186379
657917
877408
772319
427821
764097
643255
868081
188942
167021
927983
532074
80268
46951
784433
861176
834805
175034
346786
700156
502918
835579
921451
789297
360024
326153
788156
857506
194377
892242
861719
897108
550159
739128
185779
494333
19577
829035
362414
724872
512408
806750
773298
592677
370053
74083
970205
204858
249117
833343
421366
268388
668922
859170
57685
545299
185323
362194
402805
896052
770788
780877
309512
837300
36357
495292
331633
572286
840679
210399
297158
353087
17149
586808
945764
387202
660891
915969
592061
910009
749313
13427
178397
934587
388949
752434
996238
574273
114628
915396
986677
885417
212625
812542
239069
248982
307834
570702
821268
148513
781101
634779
501600
798251
221587
963717
185453
882479
396038
293866
308840
661703
823646
3589
596291
212595
756023
108881
303220
387004
24277
806250
788773
236902
618792
27842
2236
926626
598544
823505
591491
379645
974636
93091
694248
196223
56808
396054
595054
452847
206272
903894
114550
29918
907483
227193
758866
663507
852427
62086
50511
393056
384688
355636
146311
3480
383478
148547
446458
982022
488404
37949
878019
463040
647393
88620
175616
220553
484674
770670
189752
690946
674565
304303
237217
98400
47848
996083
278259
900275
574521
845122
809684
959210
200758
955995
962690
584236
104542
925501
566258
592947
963450
960630
572339
610843
49250
747955
347749
533924
34978
537501
741222
709543
358156
978439
324295
406005
490874
602555
822632
65396
447677
632316
24606
648436
588311
503648
232672
209206
429149
315283
318505
392600
275913
890844
519795
325163
155152
867544
375439
190130
921398
633013
416025
279554
611453
740320
685559
102327
342875
24544
167723
790553
173212
708681
438989
277876
212330
188013
487082
641479
503296
321939
550431
295561
729135
586579
137076
884287
970475
512515
590769
891873
145529
6794
171428
273334
263467
373339
892013
122694
397883
576089
913247
87448
284770
868588
365324
497100
56602
368758
654932
76250
690697
205363
371812
419832
791942
508888
820472
762418
537756
927593
170643
199637
450740
342071
472971
714207
715411
881336
836901
629646
457425
266501
233446
742196
651441
598770
755648
708043
483880
410580
300646
174577
132296
188810
110762
440590
697698
447586
203008
751806
375179
890004
951443
825919
232075
940766
56478
463838
822103
409732
609837
279528
676233
843283
538076
327674
958406
810077
552070
442286
737009
369068
616864
869305
557878
243978
309896
255576
691564
29256
7383
583095
919260
475178
409015
667688
415945
981845
131526
238048
391577
257715
33928
584162
100999
88357
428189
575757
898434
980259
18043
151795
865679
151259
21101
423557
395237
847349
195485
603153
392957
719220
186249
312218
194399
111616
979906
126696
93461
627784
881096
1391
885500
915024
585553
502851
519733
13742
78608
934519
510353
96651
86315
376032
764263
623768
315941
159500
471117
511427
279006
864074
230647
465255
692644
941398
93223
188902
68094
186684
816687
949190
704427
218539
380567
289981
237742
900300
820075
832702
351172
846781
445705
437487
222813
209968
61255
55107
885821
48724
566534
164827
912798
313533
630082
605443
771284
723305
310697
839378
426341
643736
304921
130769
862275
685488
937102
616369
102140
757177
449071
453312
120310
894777
890799
859476
621097
468406
914583
506918
517130
481117
671745
946281
311002
301827
68076
82286
541484
378773
438017
484178
22510
742938
614947
401137
944778
68401
17507
46918
341930
982930
500231
462241
877707
907382
321717
498805
892141
236300
5723
409271
233769
677469
871904
544771
495648
939980
143410
553485
318754
581427
37663
341264
840717
652610
258753
785495
237363
276260
348765
579293
259191
365348
41534
653250
789083
363251
668407
681224
599551
190483
606847
349672
384304
478752
410796
879952
418732
554206
949789
737486
651985
987452
595102
492702
156414
370208
794549
393777
646468
143314
973071
422011
508663
14605
75262
297746
377857
260021
495322
493760
450504
102169
843433
834808
580921
254229
231113
999654
324787
180902
253492
493124
168355
364947
502178
324769
735155
296727
234899
381623
956393
207970
319987
981408
222575
911601
795506
116784
171622
290828
126897
622127
392998
486682
973287
973919
257263
204400
489925
582050
385303
743418
75174
553658
624717
577352
394779
359872
390431
629678
257847
346824
354000
577834
328233
92928
5787
123739
209712
177410
930920
852961
315889
323918
339643
289176
814189
596906
493577
820467
695308
878880
80237
770482
948890
704954
864186
860021
64826
254617
6052
839025
601442
360052
933212
446027
452980
938999
86118
179045
632761
17038
32006
948650
857308
888002
237827
187850
484908
247756
8317
180217
642988
88554
467051
591878
309860
331238
968251
891038
585855
974303
730063
703649
334356
663275
149676
787336
118627
752147
966381
751388
285537
514740
216391
142846
402742
454218
847048
887650
218326
855365
584219
861314
460271
51271
969544
770131
898861
937795
661169
484716
912099
907584
704718
762807
87212
370746
550143
205839
122893
32877
473579
408431
63969
689970
67629
466711
660540
914677
870713
878866
286394
454933
740180
263017
22556
709724
33148
921417
163872
210669
922485
592323
118253
627203
355130
205465
997950
421625
927656
120843
970854
401236
45626
34823
91206
629607
501534
751747
544284
888600
630613
347030
859885
887146
610047
882441
113222
159547
320210
277094
370216
242695
869417
4822
386251
224547
210287
384201
162525
654296
21396
133379
55532
583375
168203
146738
212982
186089
414837
273619
74689
561803
620649
934574
448949
230697
333367
562171
390244
653577
839266
276813
412625
225035
281635
798876
965935
8274
183077
128460
662570
720825
261839
718102
304200
946394
381193
517183
132484
796030
790802
723525
357833
927803
174452
806782
158500
507819
885306
65097
677749
240924
341910
90374
465959
623545
405602
948246
631819
105031
76706
294390
825856
854898
528844
130057
801292
910037
163592
450128
706068
470746
690006
580253
398549
864458
387036
73402
888629
788694
138499
566378
29618
996761
173104
11929
620306
578706
960176
768477
683737
553234
579219
25946
408132
108064
156003
725777
534453
835947
175905
756873
306693
865911
337127
221594
246721
240515
294996
135351
29209
433495
701729
575179
430256
391186
587108
566914
969892
63636
851744
169982
616871
947315
195928
25003
571731
868283
267132
106185
704230
959390
863058
527275
825301
200185
748869
588375
957052
560218
723726
986261
993713
941807
561440
940322
332993
664901
23588
302886
728537
391684
989220
861760
339000
185148
403116
910731
53431
670248
16916
274013
629638
396327
317640
971292
112864
582861
559667
69917
143079
283393
56178
653145
225200
133971
109819
74546
315224
649759
893784
43761
41444
883004
905522
380444
584504
308638
807527
154287
495238
340796
428300
124877
737123
262292
96169
849987
361505
172188
436256
20937
971933
8787
674082
713485
142758
300253
788031
457982
950012
681815
18095
507808
81171
439969
888252
665675
264959
695780
819962
760198
552928
764614
401427
290051
543258
13948
656390
904764
186136
92647
925701
158069
101434
116135
871554
760544
416388
175938
734878
882752
857753
752973
390561
455277
709295
795165
120952
974254
7297
940915
734452
560225
221881
135879
850276
765140
666179
23019
669904
852315
632018
595605
526736
249804
711740
398291
10348
644480
90581
745226
43584
948334
14551
434145
403611
723846
229311
40916
214453
236608
498183
948905
313186
720064
601137
163462
485204
267316
702833
671460
635984
334851
267065
162720
584655
495157
77363
111355
655989
167944
372933
699574
632631
387485
650071
552594
627683
395734
593510
842136
148695
91693
307394
461881
328110
424883
141695
813314
208551
844529
484775
844535
179380
268192
523608
280388
279702
600971
391743
452043
285268
764677
667969
917899
152162
318041
470493
296197
713775
580356
138334
862470
188401
962080
840703
516511
386963
982399
329826
595514
826928
330953
440050
522660
115497
480010
803048
911551
80981
194792
363595
366249
959469
31564
800500
627983
865957
787346
440532
579733
884054
95218
958555
72455
57298
799259
588967
960613
298010
435145
556128
124938
282450
512530
163950
397947
992540
966999
309499
589873
678143
189446
472475
153964
221010
272975
298299
86968
576673
738831
183053
460727
350402
657960
533183
407700
457219
122150
368314
755229
73647
440794
396519
356097
953324
76822
754044
462216
560173
579895
52089
238316
769341
524564
908632
506704
313892
723283
110024
890565
978466
809429
351293
328868
467389
400828
252921
440961
522978
137587
712542
112977
578381
109062
469074
48057
702236
739470
510273
262409
835718
562362
500725
121411
603279
925709
628115
917171
648992
254491
807736
627458
63920
675381
472679
531310
76209
725600
488623
115539
863187
201165
228516
957920
826579
213942
5977
528815
953413
32602
791224
789131
594964
808301
426894
714595
734010
571362
631766
899354
825853
955855
43165
406126
631236
515844
453788
707446
757796
942411
339337
137335
143576
567854
95255
970156
781796
617584
15323
251561
650186
806548
557044
761502
614849
983939
476098
865212
555301
107864
764566
897506
580071
324083
303632
211308
839927
757420
435106
597723
699831
774443
251410
359760
858649
346665
846268
156798
964249
861591
408359
614435
668139
481756
375938
799341
465695
368388
664553
537348
992604
945471
434854
572676
269555
738487
783984
625834
12259
735442
739910
228443
509885
991320
588203
884887
337986
950823
41685
818587
812414
966396
433023
480554
448152
325313
796247
430199
693701
460800
967547
686305
406271
918754
258981
192178
173593
559317
818013
702204
294759
557923
930647
320997
549243
35202
722236
403581
986025
763921
222169
798440
730317
171544
795346
694822
13209
591593
125021
706910
568745
608921
909567
975016
44027
684901
683547
733972
760570
501560
436176
571682
575835
366824
409031
641430
402026
131267
561364
388052
895188
783533
702844
141857
471429
498190
353031
484638
606135
994405
707900
174880
603326
617467
149896
163705
818720
349795
897677
579291
367707
333853
667325
943542
217029
76356
101325
135408
207623
662689
523460
619163
962574
742656
761020
434003
240846
114052
918641
846981
108457
626541
21861
228135
760360
688109
908192
95433
554257
322221
191076
921964
656074
858401
381859
389456
934757
483184
524864
658732
145873
564676
277895
624799
307332
38915
58802
64530
669319
493795
911511
294128
636688
449724
38615
397048
654185
463159
8833
208442
785380
199909
646759
957807
58310
28618
347263
509419
511802
872127
168151
174027
436803
962398
798826
260487
517666
857628
325017
186985
351423
752880
997466
504463
718956
552433
417863
373141
15593
426697
97936
800973
626606
744695
758780
201269
773313
622395
227040
285115
494522
911544
459142
447677
873942
774320
708164
391608
631948
549533
94946
499723
302413
92412
4186
21369
161197
422049
910863
176790
365098
8799
494116
508057
753494
769248
225678
43159
391644
452718
844626
402518
364262
820120
366548
754557
594440
591064
146165
742740
140598
757463
242463
959363
366227
763001
980733
527425
701402
891596
220567
582853
416747
231035
90910
686593
284
316588
729752
908280
285658
90730
827150
166273
910850
710050
920830
505290
817467
583347
248030
958065
340811
6845
433780
707038
286198
930865
234463
987600
338813
971383
570453
755560
202418
177715
958505
202702
494303
204609
627334
779962
295339
970837
946235
206189
680887
383417
227831
498354
966764
992213
972771
307575
999058
922904
14614
285256
853769
765429
789209
192583
736812
876014
464495
939231
53730
423001
658285
64385
627610
801972
360699
439302
772809
823286
161843
970048
206703
389675
984755
173468
381888
473878
997395
897299
396782
12009
698907
250552
293791
4468
959487
30603
880483
423982
486186
450565
363335
660824
31302
507298
462796
392002
946600
751957
731640
108443
238357
938344
14470
223112
628164
912711
696991
625559
810010
93773
153921
508917
860677
447712
513386
820164
994667
910221
760499
997206
877138
123834
658030
908440
147484
637178
816794
94084
905487
548435
718880
143844
3131
733350
883309
631295
646061
580300
256854
972423
190425
927127
481341
51103
891191
511079
387619
885859
421300
148118
399417
298438
788305
573799
723230
935789
727329
540025
546226
632816
604812
781458
293012
607943
514808
176321
239238
677222
272973
12444
165997
979751
455924
647338
547206
347115
674769
934825
749326
612421
599296
148743
427211
903953
722542
150442
356094
449871
206819
902320
599039
811631
683778
408404
935926
714939
584725
691516
908513
374051
220312
74510
353802
676236
238201
901008
23352
912970
352185
772678
41744
951481
437774
468955
371786
676668
619397
727881
642892
342568
146553
241931
670551
830332
650335
606477
61623
751413
814345
970136
125464
34658
560998
995618
710894
799199
896626
250598
228522
765163
23277
270266
232997
977403
739221
604783
654071
874971
332664
296963
733891
479218
55247
404443
825902
221934
527272
887525
973347
341618
374013
615163
376276
935011
127133
603522
250563
540111
854121
479085
305275
393750
265703
538272
371153
4924
659407
541576
396247
992072
838540
130139
987642
410139
50934
329896
632073
578206
733773
121773
919824
107786
253288
812452
559149
380422
415975
326064
436885
270096
321501
742160
663846
587204
796784
551351
108481
456192
92927
504728
964616
447819
151219
952258
857958
202153
282154
490032
296712
532279
128157
216536
640065
381445
545341
715566
278219
961316
557983
715105
231412
879484
973617
411610
466689
770402
962961
575170
742946
572240
596250
707562
20060
263822
659820
878018
982327
458326
884402
279039
990605
528911
11928
147022
426709
557269
378940
221280
518585
936923
936385
266349
332760
426355
194311
799449
713109
673624
890971
456055
245864
3573
163617
782276
267395
339789
660295
766075
798115
61049
45114
305072
106313
57042
968446
533022
130663
347386
754302
649248
800662
207040
431949
133422
633395
142612
449223
346504
816236
856546
802559
578453
860119
482528
360729
643867
822317
537376
409942
620432
114778
971408
441856
221091
544803
410302
754113
675466
274040
508415
841067
591054
715455
273016
724476
865202
931981
690051
728058
748217
546597
530617
843022
406717
13145
203752
566936
835462
741128
493230
972246
855906
464638
930454
593349
9441
340756
347462
684908
131149
372230
42327
722203
87685
315343
963032
469240
763676
653083
197298
511894
199681
244268
354916
122750
773765
75020
689686
609228
332501
699268
97826
704759
680258
28281
298109
689700
885389
645571
890960
532890
17801
933287
255094
621839
764982
218126
91079
528659
871209
804729
556905
587242
48997
428173
709992
822763
503194
916030
948343
352047
131650
562521
56806
811909
107154
354915
17961
992544
516839
425273
525434
50992
358560
296880
672831
639894
31358
280262
684905
418920
601344
758162
6162
650341
186336
232507
473104
205882
148537
937799
74281
280188
500321
131087
92097
607475
2355
626410
116371
519194
51683
641806
570186
926595
455038
759370
566489
486397
39632
767747
905317
640976
525909
427831
807670
228597
660338
797126
950831
808876
734926
25112
605416
235247
672552
213865
359074
674907
840275
475446
194101
891958
633604
764287
818553
88642
40009
901394
91391
79642
669141
996708
236970
711403
940892
560992
456352
601230
358119
407184
410106
93045
948648
531874
844644
621200
745739
720070
296107
102366
195516
490208
994324
829120
770848
329229
434115
810857
230624
525506
406851
416117
38567
160174
643872
979459
721166
100225
580689
595637
507409
507148
205034
972409
555374
566030
593610
301114
286101
889717
919832
481617
896278
914157
827090
183478
759738
261205
510687
506714
303063
917539
922832
857982
594065
566704
837441
831583
183281
934483
427221
207042
957983
148607
179452
513357
714638
773062
330823
739
179131
250656
998708
591761
681165
825798
775239
440903
603355
285927
463970
906419
719818
386802
764401
313883
469858
118195
661818
169492
569030
605391
376534
43365
753999
555986
73074
468637
845400
920250
985728
540884
687258
500788
132645
368423
326587
424237
325678
446294
710164
789648
352713
946334
692802
633467
260217
679013
268014
438387
848505
353396
43779
225039
913113
797778
297378
986187
782767
142778
422789
284847
200014
110047
785635
332660
478470
628574
756897
320501
74869
983413
626501
943934
929747
319304
93753
706316
998317
878119
144703
363174
747867
704834
588213
660980
18964
401943
163520
318083
61074
586309
602930
261088
696357
904918
110100
691179
49844
866997
11680
641065
366762
638182
585000
296509
473838
195105
519177
988507
73225
663881
351681
821092
368715
456246
482073
904032
858190
161945
222115
919264
748254
341398
180352
444611
246316
290453
135791
296160
673802
663823
937226
556917
302005
38578
853426
292195
233683
372604
280702
823260
552837
632383
644353
437904
88630
642778
341936
946820
804723
564052
382436
69329
905450
79140
513941
668118
885945
166084
480630
559748
346259
934208
116665
648265
972786
486443
456812
722822
375399
737515
62434
928236
369898
706787
882493
974880
865917
224429
438052
186992
304833
820488
256322
726635
899629
286615
394753
301926
969051
875384
861674
315310
325944
494691
479927
815083
497487
936740
537905
872886
190607
600339
317475
560505
823479
199968
51738
205748
940749
489790
909093
245583
826631
681767
972218
242612
968382
883324
544538
453785
275060
922565
769095
601004
933608
765375
416087
431095
218467
953992
820334
409074
70684
654161
969579
410515
370481
537669
132615
311230
543812
41708
73165
370443
723475
561736
613055
208209
961412
673945
661994
236472
596510
947442
837476
530119
229169
253564
477566
447636
723908
814252
856710
310944
468413
342641
721459
355246
880311
854075
666477
424123
412135
255994
310918
135611
334082
440325
860172
295494
114270
522167
531966
710781
985961
885795
757252
215130
139359
234818
662766
863267
565423
35828
174212
550188
378469
412023
905435
258780
782450
88264
199255
194586
344258
510173
846549
194693
950498
706721
490187
581121
745240
538506
291902
247553
424301
565506
462683
80012
316676
641801
459631
882099
677629
150195
432288
56099
562219
337723
831231
861021
425987
546839
571959
286597
573364
418508
481290
523863
641582
487830
621336
903174
542688
429590
150728
483341
995096
129763
563353
311772
771565
22984
710224
965546
173180
142512
537997
251751
996587
369229
112772
938926
916068
201084
225523
489432
619592
223166
529647
777526
227348
667335
680701
770036
96925
831429
769729
92021
477544
333082
920146
249109
872418
630370
731008
561950
772882
269005
813701
285821
638234
442826
224747
70654
643910
450270
76439
779854
189788
122438
557381
417136
789774
754434
703524
886699
102215
473253
978721
579759
806335
415219
345221
195106
45589
76229
757056
334823
345234
87110
620644
499821
529936
845391
570475
690198
812013
163266
986404
1802
285705
60137
418938
591831
814571
638815
478530
916786
112068
973603
12898
434756
388822
358119
629862
950763
434348
903270
285586
295934
990380
906230
795755
36668
267973
882583
243218
79987
45849
229623
598141
847906
289760
17079
439737
104332
172246
434620
537470
284315
924575
550368
719071
829750
424839
865285
780513
375539
768555
66100
671474
758936
488682
467229
311956
756656
349812
555175
352995
912014
784798
951136
759920
74558
484567
716010
695242
656814
666982
232713
941129
591557
299433
176552
937659
724273
41837
718173
99812
326744
300625
287638
85680
305659
754868
913989
578667
621032
469164
931662
533046
253962
882798
809319
844872
883718
525329
540115
540532
192311
772828
998013
300220
588613
690917
237880
829238
249106
472405
445403
575850
289382
733041
177883
595041
487909
91872
173709
108942
561036
621723
158340
331350
20874
967659
176222
904592
9340
716337
961476
718003
5517
475841
18224
110483
683110
772456
939721
932216
761213
385124
24418
50595
634518
718653
161988
638779
810525
335697
264073
887913
473773
422414
219263
494647
390073
911838
915591
915766
628175
877067
633769
150045
869260
168345
260528
552370
457153
716601
484586
218366
101726
25356
785313
252596
744010
947302
891375
554535
799351
155449
958801
273124
577863
694416
284123
484288
606254
199714
400054
750782
76781
33824
900827
946041
718521
677707
14763
175675
394308
499349
910393
12386
524706
695707
264982
785068
159361
156358
339603
475064
311807
814756
748189
406022
509173
548664
890310
115427
748379
806717
382561
341512
356893
799740
803906
75414
477447
818669
767441
388108
318019
677835
400494
359077
889894
181829
660497
49255
854539
100
524319
682698
331209
788860
88720
840382
853877
495382
472161
602256
302099
854723
943768
175344
654463
264026
250759
648263
82696
18200
36371
917067
212387
953217
792496
102281
135046
452993
667888
989585
969445
708560
672283
300654
13772
277355
141036
867649
772738
129550
986257
591189
984273
446378
766534
155088
710404
533645
803351
793100
68197
356074
710167
280585
309292
502663
899218
444338
955656
83459
950276
925102
792019
622559
742108
322143
416267
883145
706145
189005
529047
692402
296546
513320
138780
63080
184760
849185
596725
504464
642285
181275
860538
868805
461860
169830
887820
877430
614169
843477
960889
80797
284931
752908
219708
27039
591404
635975
426536
297549
824980
955583
989951
637879
985255
645084
700959
686368
494269
814037
190832
652906
995312
51370
38063
973524
221201
925884
850954
351722
285713
811844
948871
86996
81104
168579
630387
672508
804555
56924
486409
145887
528859
476361
783766
30467
121445
1078
716835
132066
331467
907667
301324
843131
475389
339388
816655
212942
265272
183961
81016
67337
512157
29887
154333
593262
198467
784720
782122
3022
357996
784884
148909
403208
261245
449028
433675
899042
450106
666862
547460
781573
90881
848784
624704
566270
188172
957711
779213
969796
658024
860229
37133
170182
406469
707818
279796
604936
492539
578270
607958
366887
363154
273219
770095
140751
722247
720122
39793
172353
386984
587253
470278
477865
952390
611334
560488
656914
85397
856053
626711
743422
232634
180196
429956
639103
888015
709752
244039
896906
804374
368349
263793
167529
641569
550241
824632
363816
270363
864426
52522
657348
968031
522800
651565
436773
650487
728405
93688
735884
584458
236751
995658
817093
416947
425614
456196
821314
651718
700236
718220
456093
584937
498366
139974
226506
48607
964606
106675
835322
345384
159197
9022
829768
198349
660588
266541
365188
388993
360229
101073
489804
596980
96731
306897
530280
522346
279445
351594
174064
496033
586167
146509
80971
600885
286483
307477
649492
251090
930504
484814
112826
606053
493837
942594
320755
670777
725488
685943
576122
85717
787016
582278
199050
400100
889175
245682
438798
168621
113628
129214
664654
699795
275724
745625
300680
78559
569455
466524
846001
499959
467691
958828
622365
477880
417774
943120
665009
143262
629063
241131
745332
932432
823410
944382
332532
228937
706416
771330
913910
820044
900544
578565
519840
692620
840542
336872
771180
926349
803397
133533
942661
787440
92361
565026
265320
510136
508146
930329
653398
653561
687812
398730
585993
27574
859464
918525
772864
565880
206207
686774
385925
623104
781691
422117
315724
138586
758989
603256
64935
78738
736790
523948
382530
345503
88974
647850
855639
113472
94531
25390
767034
298696
940472
353027
842622
316289
787905
615486
882169
994112
302261
784446
133568
600304
206563
965645
738890
481905
85253
320178
76995
822043
844126
459526
683899
449453
623728
55890
79277
234612
81280
362663
49660
538105
232043
892282
854394
19948
507769
736563
530412
326382
37362
663981
926686
243925
145978
665577
242182
231231
502107
835530
569627
346233
295056
253526
312038
435136
309416
391316
186100
907049
753979
235760
445154
986022
128043
299548
522322
635812
552463
569087
478546
589825
749420
405232
350103
895398
587161
108637
642981
89268
944167
212608
951854
755575
466134
263892
707064
291903
171560
893164
715304
441892
128925
160458
944266
773320
976358
466589
925484
45173
552028
404030
634999
301448
809262
501454
196846
396424
610091
356179
2044
70611
568788
953898
826186
551274
217791
533250
359529
905703
426415
74833
347595
71692
235291
291862
845012
728001
274803
770496
773175
826831
174526
408174
128279
500140
425980
841477
412916
552423
714008
414961
623034
282796
368859
449221
834071
103002
982471
193600
525058
925238
268434
872653
513282
20077
680867
874646
748079
955670
645142
521254
298853
336020
445780
943484
352513
388112
301313
765429
940535
15322
180390
563570
814470
65602
12791
648541
684956
511614
358494
210014
953205
143280
599020
466487
679709
279887
341134
944140
751910
502628
465394
50763
355001
427526
510600
707514
815638
811913
472943
756174
343587
169686
836096
158058
235288
848887
322951
436596
876853
197797
646611
346410
857429
761983
812898
537139
41870
670384
481279
310132
689364
463026
360896
44365
406904
387848
751879
222543
716113
741175
495069
59701
910861
331165
217759
662501
696404
57062
99097
89609
254860
262060
436020
112289
24043
765270
165780
582266
435654
163412
892398
641370
142790
769646
685736
549694
157494
953967
288589
873608
695142
300010
449661
122355
147527
667420
301208
843931
240834
916658
933541
495694
695070
885913
124336
719114
651183
290116
817732
86837
453528
710130
728207
112670
996129
930295
662365
153623
884263
467306
543583
95757
767317
993244
734465
914844
177016
35673
275128
417851
468683
725021
913545
163754
610934
37881
882868
262117
844350
216952
348954
814230
927082
593513
926901
923211
523809
589266
593187
924424
572924
136770
536533
340241
646367
270998
771438
823383
823024
46566
757586
291707
771587
671132
455461
382521
225365
854681
644638
586067
71633
509944
400298
515068
103457
327199
954631
143618
432817
547818
584394
5741
200941
120928
862335
847308
908278
633773
187043
247654
680339
944630
539362
968278
132114
511175
350799
357479
365857
995437
459899
953842
505381
860197
468910
125190
703748
423542
785161
652917
487712
369555
175010
688653
6835
553697
52313
431466
187470
239357
679120
384161
183987
734834
352439
316101
246010
703238
189932
128219
215027
649831
82061
236760
26380
67324
878303
246480
7218
663464
899397
11282
549371
590760
216288
72559
144457
268601
504025
848280
507958
183145
232441
208297
917980
101233
524398
680342
320823
714331
808561
535851
880514
406974
288963
906895
990650
167266
669727
514220
347082
85477
41855
412806
676237
258143
485365
337046
526744
989390
185326
551055
688887
934120
759352
123219
35353
283751
319913
356176
514434
644826
408379
911300
51801
697343
334547
558803
380961
4275
589376
728044
89752
631231
140850
765989
889374
142567
619387
932470
648309
321066
483525
337196
255186
242878
976768
806891
42981
296681
163067
73767
941508
87799
985067
509661
785142
319615
584816
682455
323890
174192
926851
413642
321775
67701
695983
211149
726620
831722
143620
374929
152788
143497
228478
407974
386375
205246
214865
945708
501927
894285
19475
959787
498436
4543
469448
283578
840510
570617
482385
164400
744809
409237
94394
66585
993290
306729
794086
719911
138451
454058
94840
291240
597556
323318
215566
500283
44916
946784
962344
63196
841069
981819
22983
339505
502714
8784
139435
343224
579401
138172
23976
840562
547409
118370
423499
540700
941451
733938
776963
79903
187996
871803
887495
301904
711474
103061
318540
272742
49845
280884
335938
407266
779055
875274
263123
798122
884058
918910
141346
979811
57083
681675
336725
604492
800045
760225
661544
257849
494163
438507
337752
198511
826663
225247
16768
54489
328308
851660
327231
894506
648896
663170
301772
944303
538444
564896
742425
938854
158
883772
435017
57241
81799
771742
661734
881844
48319
839630
656045
58834
278138
993797
773698
104801
