194
242
426
439
917
1005
1032
1094
1187
1213
1270
1338
1463
1615
1650
1725
1837
2233
2329
2491
2525
2683
2722
2761
2996
3095
3108
3214
3282
3346
3491
3523
3624
3964
4011
4093
4116
4117
4234
4503
4736
4788
5057
5200
5303
5307
5325
5446
5703
5736
5775
6064
6134
6143
6252
6473
6495
6771
6835
6887
6901
6921
7026
7109
7348
7582
7716
7984
8062
8211
8561
8570
8589
8608
8733
8774
8786
8914
9020
9080
9108
9149
9195
9240
9303
9368
9718
9779
9926
10002
10007
10021
10155
10235
10474
10481
10827
10889
11011
11115
11131
11150
11218
11236
11313
11406
11462
11503
11629
11743
11854
11878
11924
12161
12353
12399
12598
12730
12798
12859
13039
13188
13289
13305
13528
13708
13785
13787
13934
14009
14256
14426
14494
14509
14535
14834
14857
14880
14985
15068
15196
15212
15308
15313
15408
15564
15580
15594
15709
15727
15845
15900
15903
16377
16381
16454
16576
16640
16688
16717
16825
17079
17225
17417
17455
17458
17546
17553
17654
17731
18107
18199
18287
18660
18682
18784
19046
19106
19202
19284
19542
19635
19741
19810
19826
19828
20143
20144
20366
20428
20469
20502
20723
20777
20802
20866
21031
21065
21093
21107
21203
21632
21805
21956
22189
22445
22473
22590
22651
22657
22782
22808
22910
23190
23261
23360
23521
23641
23684
23697
23761
23821
24149
24327
24376
24584
24660
24674
24681
24902
24921
24952
25092
25155
25156
25183
25222
25233
25251
25316
25498
25535
25811
25875
25940
25970
26046
26364
26646
26779
26865
26894
27120
27132
27181
27262
27485
27642
27719
27734
27754
27813
27966
28440
28508
28517
28580
28752
28815
28899
28941
28979
29011
29048
29798
30153
30183
30226
30256
30368
30548
30653
30962
31101
31235
31335
31442
31457
31482
31585
31801
31921
31980
31989
31991
32089
32108
32118
32132
32193
32224
32302
32312
32391
32520
32551
32903
33060
33078
33197
33224
33242
33246
33494
33536
33725
33745
33746
34004
34127
34183
34235
34404
34569
34598
34910
34919
34942
34990
35052
35176
35218
35256
35320
35348
35431
35655
35719
35794
35857
36091
36164
36390
36491
36849
36888
37145
37254
37531
37554
37806
37821
37877
37890
38139
38158
38278
38392
38549
38676
38830
39051
39154
39189
39213
39242
39358
39358
39452
39465
39666
39678
39688
39807
40183
40188
40244
40249
40296
40307
40315
40451
40487
40693
40711
40897
40972
41044
41318
41331
41383
41495
41532
41538
41772
41896
41972
42155
42191
42255
42339
42400
42416
42776
42798
43036
43111
43258
43350
43717
43924
43956
44041
44057
44096
44119
44255
44301
44681
44689
44891
44932
45037
45112
45149
45338
45373
45543
45823
45914
46196
46257
46266
46271
46481
46562
46590
46641
46686
46823
47092
47371
47756
47842
47845
47940
47985
48022
48035
48049
48151
48447
48567
48683
49107
49210
49345
49420
49662
49679
49728
49746
49803
49842
49906
50030
50143
50441
50513
50750
50764
50795
51085
51304
51309
51863
51889
51969
52067
52337
52367
52460
52576
52886
52938
52957
53103
53203
53347
53612
53629
53765
53815
53894
53999
54251
54263
54363
54457
54489
54585
54646
54730
54978
55001
55054
55103
55321
55348
55490
55617
55670
55923
55942
55978
56075
56108
56136
56170
56246
56264
56371
56484
56514
56640
56689
56790
56813
56837
56856
56945
56946
57295
57407
57535
57628
57741
57751
57810
57828
57841
57889
57942
58087
58400
58679
58773
58798
59037
59193
59297
59326
59344
59468
59480
59714
59727
60028
60219
60231
60531
60568
60790
60860
61188
61213
61263
61501
61649
61806
61824
62014
62087
62122
62334
62396
62438
62485
62497
62547
62715
62805
62888
62903
63005
63010
63096
63116
63274
63448
63460
63572
63582
63760
63806
64038
64442
64471
64490
64533
64624
64658
64806
64890
65089
65250
65382
65573
65585
65730
65928
66133
66180
66233
66342
66557
66639
66766
66809
66908
66956
67033
67231
67261
67385
67763
67801
67823
67980
68280
68332
68364
68411
68656
68758
68816
68851
68920
69114
69235
69264
69307
69465
69575
69682
69689
69773
69846
69885
69962
69985
69988
70014
70018
70040
70077
70101
70224
70365
70427
70515
70645
70683
70777
70785
70788
70798
70810
70849
70999
71186
71240
71342
71353
71436
71569
71841
71879
71951
71955
72061
72070
72074
72133
72278
72380
72564
72676
72697
72744
72843
73074
73109
73158
73161
73236
73328
73363
73433
73671
73729
73749
73750
73958
73978
74075
74178
74230
74296
74370
74378
74437
74447
74457
74467
74474
74485
74610
74974
75281
75283
75323
75549
75572
75626
75805
75840
75954
76028
76141
76330
76351
76369
76650
77052
77166
77211
77276
77281
77522
77731
77826
77864
77952
77962
78019
78112
78117
78192
78195
78212
78324
78743
78790
78801
78955
79280
79336
79371
79599
80001
80042
80065
80251
80352
80622
80741
80893
80927
81087
81156
81163
81207
81283
81535
81551
81577
81666
81678
81794
82059
82097
82189
82290
82373
82410
82417
82431
82446
82491
82524
82586
82586
82638
82702
82732
82849
82975
83029
83031
83143
83209
83322
83366
83405
83459
83479
83535
83566
83609
83730
83918
84005
84048
84169
84233
84306
84460
84516
84610
84634
84700
84763
84939
85075
85088
85144
85210
85285
85596
85687
85702
85703
85705
85756
85775
85835
85850
85976
86088
86094
86107
86236
86284
86357
86373
86474
86542
86590
86627
86693
86821
86887
86899
87043
87109
87300
87388
87414
87415
87487
87918
88031
88046
88194
88212
88398
88398
88874
89013
89169
89187
89309
89441
89560
89587
89684
89688
89696
89773
89790
89864
90015
90177
90188
90337
90452
90533
90664
90778
90830
91030
91041
91102
91231
91437
91494
91581
91607
91944
91946
92015
92248
92434
92472
92545
92557
92609
93046
93091
93105
93133
93249
93256
93263
93283
93352
93431
93701
93763
93946
93955
94190
94562
94579
94706
94786
94820
94899
95027
95030
95102
95303
95316
95484
95729
95832
95834
95841
95942
95951
96094
96166
96209
96257
96605
96717
96826
96862
96944
96961
97421
97588
97606
97637
97685
97729
97730
97887
97959
98097
98227
98332
98564
98576
98758
98894
98997
99085
99114
99130
99253
99597
99754
99761
99787
99837
99869
99877
99911
99914
100086
100195
100301
100452
100467
100476
100567
100762
100795
100962
101101
101255
101416
101537
101657
101671
101921
101956
101965
101972
102182
102375
102483
102547
102666
102793
102910
102930
103448
103508
103509
103558
103571
103614
103698
104023
104082
104106
104298
104392
104431
104567
104615
105075
105342
105405
105646
105667
105696
105713
105759
105962
106281
106397
106517
106561
106567
106622
106654
106696
106718
106729
106848
106898
106908
106954
106955
107025
107062
107115
107149
107213
107247
107437
107463
107723
107783
107798
107847
107904
107943
108192
108249
108325
108419
108506
108596
108655
108673
108768
109009
109164
109216
109376
109651
109672
109691
109754
109833
109859
109870
109971
110016
110046
110058
110211
110223
110345
110513
110613
110710
110875
110933
111089
111448
111467
111484
111569
111895
112040
112479
112590
112640
112725
112754
112802
112808
112888
112898
112976
112985
112986
113040
113055
113106
113206
113221
113345
113409
113439
113449
113733
113762
113820
113842
113938
114051
114054
114059
114076
114105
114239
114252
114385
114499
114528
114693
114715
114741
114767
114829
114936
114978
115042
115109
115134
115158
115325
115365
115388
115508
115599
115883
116231
116606
116615
116642
116669
116697
116718
116755
116811
116916
117087
117368
117462
117503
117532
117557
117645
117659
117789
117812
117858
117924
117959
117975
118057
118273
118340
118582
118660
118673
118821
118855
119071
119147
119198
119342
119424
119513
119539
119578
119652
119736
119754
119882
119945
120027
120043
120190
120199
120366
120450
120629
120677
120711
120846
120909
120957
120967
120976
121560
121608
121706
121711
121866
121934
122116
122299
122428
122556
122608
122646
122652
122676
122679
122737
122738
123062
123181
123434
123468
123561
123569
123721
123730
124080
124086
124228
124480
124533
124640
124757
124770
124872
125093
125237
125245
125325
125385
125440
125666
125893
126058
126130
126188
126341
126384
126498
126707
126713
126819
126892
127028
127080
127155
127199
127248
127322
127397
127461
127482
127607
127638
127749
127809
127899
127929
127952
128105
128251
128548
128784
128831
128909
129005
129081
129138
129214
129375
129433
129493
129677
129700
129841
130027
130235
130285
130301
130303
130444
130857
131056
131243
131329
131558
131590
131619
131715
131795
132294
132397
132562
132751
132832
132989
133008
133110
133179
133408
133939
134022
134171
134195
134275
134652
134728
134875
134903
135036
135064
135069
135109
135218
135247
135319
135477
135495
135505
135544
135634
135676
135898
135978
136016
136105
136151
136262
136406
136473
136478
136568
136618
136628
136640
136742
136825
136899
136961
136994
137001
137332
137363
137668
137723
137828
138051
138087
138228
138273
138312
138365
138406
138447
138509
138563
138778
138891
138965
139006
139052
139175
139336
139719
139954
140225
140233
140238
140388
140537
140541
140599
140616
140626
140629
140631
140957
141042
141053
141201
141456
141483
141700
141752
141819
141860
141943
141981
142187
142262
142584
142606
142846
142914
142950
142955
142960
143164
143184
143190
143600
143635
143641
143747
143858
143870
143871
143984
144007
144130
144190
144267
144331
144360
144689
144836
145123
145153
145171
145228
145244
145248
145512
145595
145699
145738
145807
145865
145866
145949
146091
146118
146282
146283
146357
146531
146747
146884
146972
147294
147669
147873
148216
148300
148349
148369
148442
148473
148766
148813
148984
149047
149056
149358
149360
149504
149519
149574
149608
149660
149771
149883
149978
150105
150172
150294
150361
150377
150460
150472
150504
150579
150750
150905
150986
151012
151101
151118
151178
151381
151601
151724
151758
152132
152147
152378
152435
152617
152619
152775
152777
153141
153162
153293
153364
153518
153526
153532
153578
153664
153693
153720
153753
153766
153918
153998
154044
154495
154688
154689
155013
155041
155120
155440
155476
155507
155779
155949
155956
156058
156059
156296
156336
156386
156423
156837
157020
157075
157157
157164
157463
157473
157477
157499
157548
157858
157945
157958
158026
158120
158132
158159
158562
158582
158629
158643
158663
158716
158787
158983
159070
159085
159117
159118
159143
159314
159533
159664
159715
159801
160028
160122
160199
160237
160241
160268
160385
160470
160504
160566
160570
160587
160753
160835
160895
160896
160966
161008
161010
161046
161074
161162
161207
161246
161294
161416
161537
161632
161658
161765
161983
161985
162104
162156
162202
162455
162719
162791
162843
163066
163138
163374
163410
163413
163426
163477
163630
163644
163646
163839
163843
163912
163916
163993
164415
164449
164565
164632
164703
164915
164967
165016
165032
165082
165105
165145
165190
165191
165198
165206
165210
165492
165530
165581
165714
165756
165830
165913
165976
166023
166043
166044
166071
166217
166538
166549
166561
166795
167264
167348
167613
167719
167913
167937
167987
167998
168134
168177
168408
168446
168547
168551
168564
168598
168607
168950
168964
169041
169094
169350
169411
169426
169540
169622
169680
169760
169809
169830
169850
170413
170453
170509
170779
170808
171060
171113
171165
171320
171349
171416
171473
171497
171499
171627
171655
171687
171812
171912
171933
171980
172098
172120
172158
172239
172247
172515
172524
172590
172617
172664
172701
172723
172742
172879
173075
173128
173183
173266
173657
173846
174069
174188
174193
174201
174208
174583
174587
174850
174871
174888
174942
175012
175116
175154
175396
175487
175574
175577
175581
175593
175600
175982
175989
176032
176147
176205
176359
176360
176493
176537
176594
176672
176717
177052
177184
177196
177408
177469
177584
177659
177927
177966
178005
178016
178022
178083
178093
178164
178423
178476
178673
178853
178912
178975
179023
179325
179339
179461
179576
179636
179960
180037
180171
180359
180390
180538
180551
180749
180797
181259
181444
181607
181702
181723
181729
181791
181818
181914
182002
182187
182432
182442
182529
182575
183074
183153
183591
183601
183731
183782
183782
183880
183986
184023
184027
184043
184075
184194
184230
184401
184417
184615
184621
184846
184973
185393
185396
185572
185643
185685
185687
185730
185769
185839
185952
186012
186019
186124
186207
186229
186944
186959
187008
187103
187700
187722
187722
187743
187770
187790
187802
187829
187948
187952
187972
188172
188383
188513
188560
188603
188737
188820
189152
189201
189322
189334
189334
189347
189754
189792
189795
189830
189851
190054
190183
190206
190579
190615
190696
190766
190970
190982
191200
191430
191532
191547
191673
191715
191776
191876
191929
191931
192010
192073
192287
192432
192437
192703
192741
192780
192815
192964
193103
193448
193491
193651
193728
193796
193828
193853
193983
194060
194063
194449
194662
194986
195060
195422
195446
195477
195484
195531
195572
195772
195854
195855
195939
195979
196315
196413
196534
196654
196685
196723
196826
196910
196943
197199
197313
197474
197614
197776
197956
198049
198063
198235
198252
198278
198373
198514
198849
199025
199184
199238
199262
199310
199441
199543
199568
199648
199710
199760
199765
199823
199891
200013
200115
200217
200404
200574
200745
200787
200986
201527
201678
201842
202075
202166
202540
202681
202743
202769
202956
203015
203314
203343
203506
203597
203854
203976
204079
204126
204169
204182
204279
204325
204360
204668
204713
204772
204833
204901
204961
205143
205218
205301
205390
205420
205483
205725
205752
205924
206048
206253
206295
206336
206348
206578
206775
207097
207162
207164
207213
207245
207285
207379
207595
207643
207662
207921
207941
208025
208406
208508
208534
208709
209065
209094
209110
209171
209213
209250
209469
209485
209530
209613
210029
210075
210140
210383
210525
210553
210678
210732
210936
210996
211124
211213
211244
211621
211630
211637
211719
212058
212118
212185
212266
212287
212527
212553
212559
212679
212719
212944
213046
213139
213184
213231
213289
213322
213378
213418
213737
213737
213850
213907
214012
214018
214131
214265
214410
214512
214517
214599
214971
215163
215299
215392
215499
215515
215558
215726
215932
215959
215986
216122
216153
216190
216425
216618
216695
217012
217245
217267
217278
217617
217647
217779
217824
217840
217937
218111
218119
218243
218441
218648
218837
218916
219208
219256
219299
219400
219505
219535
219596
219708
219723
219753
219757
219873
219892
219904
219996
220212
220414
220453
220461
221006
221010
221056
221102
221149
221179
221199
221254
221260
221278
221389
221464
221466
221469
221610
221685
221907
221951
222081
222355
222485
222572
222698
222734
222765
222875
223010
223025
223180
223374
223554
223791
224114
224166
224180
224436
224607
224690
224692
224697
224902
225060
225192
225197
225378
225390
225581
225618
225743
225751
225894
225978
226121
226834
226861
227277
227527
227595
227606
227686
227709
227801
227834
227865
227917
227941
227962
228132
228199
228200
228242
228369
228432
228493
228715
228757
228995
229000
229028
229151
229194
229345
229347
229351
229368
229369
229556
229563
229818
229874
229900
230030
230054
230260
230293
230421
230654
230835
230879
230971
231005
231530
231539
231682
231784
231881
232051
232053
232500
232603
232645
232651
232652
232881
232913
233014
233369
233545
233548
233729
233738
233832
234225
234397
234562
234564
234602
234727
234808
235010
235034
235078
235185
235189
235202
235439
235445
235475
235584
235660
235855
235855
236009
236035
236226
236231
236246
236287
236339
236410
236419
236664
236709
236711
236878
236889
236907
236914
237118
237136
237196
237309
237528
237617
237626
237701
237778
237812
237821
238031
238062
238075
238190
238199
238299
238326
238385
238481
238572
238751
238778
238781
238853
238952
238992
239030
239094
239154
239196
239211
239238
239314
239404
239703
239709
239743
239793
239937
240161
240169
240588
240603
240728
240748
240939
240992
241022
241036
241058
241088
241160
241196
241332
241340
241504
241509
241548
241551
241611
241773
241814
241885
242118
242399
242524
242543
242763
242801
243351
243429
243435
243460
243499
243539
243556
243673
243814
244235
244294
244321
244373
244380
244630
244640
244674
244770
244789
244932
245063
245117
245187
245251
245351
245375
245385
245403
245571
245573
245717
245774
245848
246322
246341
246425
246497
246640
246748
246820
247150
247297
247813
247866
247889
247969
248054
248306
248471
248514
248535
248574
248817
248864
248908
248909
248976
248991
249250
249325
249410
249506
249511
249630
249790
249823
249852
249864
249886
250095
250386
250435
250441
250602
250657
250810
250875
251084
251330
251540
251589
251615
251630
251646
251691
251701
251775
251817
251859
251899
251953
252049
252217
252297
252480
252505
252576
252687
252729
252824
252918
252996
253062
253067
253193
253225
253421
253449
253661
253729
253824
253969
254055
254319
254436
254605
254613
254614
254649
254654
254780
254792
254815
254887
255086
255136
255246
255255
255696
255721
255783
255825
256041
256234
256249
256496
256542
256547
256753
256755
256873
257112
257200
257207
257220
257259
257263
257342
257421
257453
257611
257660
257695
257807
257829
257873
258388
258580
258669
259054
259075
259115
259218
259395
259397
259726
259798
259962
260015
260018
260250
260251
260296
260300
260331
260331
260351
260447
260475
260635
260656
260725
260885
260932
260997
261009
261226
261287
261422
261632
261644
261713
262071
262096
262214
262281
262539
262584
262704
262887
262897
263109
263193
263238
263239
263348
263353
263373
263377
263379
263415
263475
263770
263839
263862
263887
263961
264277
264538
264594
264708
264781
264813
264865
264917
265018
265156
265196
265238
265527
265532
265550
265632
265770
265883
265993
266074
266427
266461
266526
266634
266642
266687
266720
266885
267063
267166
267431
267704
267722
267921
268103
268394
268569
269027
269072
269202
269221
269641
269657
269683
269704
269774
269856
269913
269966
270232
270310
270407
270497
270602
270628
270858
271064
271117
271145
271275
271281
271304
271410
271460
271508
271523
271679
271816
271820
271837
272001
272035
272148
272204
272222
272372
272492
272557
272568
272632
272753
272823
272851
272897
273072
273078
273169
273305
273330
273372
273512
273512
273526
273596
273689
273795
273824
273909
274091
274099
274111
274142
274403
274423
274510
274587
274833
275100
275259
275272
275502
275521
275536
275753
275839
276005
276010
276051
276176
276280
276345
276404
276476
276511
276572
276636
276641
276761
276858
276911
277034
277046
277082
277138
277175
277202
277337
277359
277672
277783
277813
277836
277851
277882
277916
277926
277951
277977
278020
278048
278297
278424
278663
278691
278730
278808
278865
279146
279345
279435
279647
279680
279720
279794
279941
280009
280054
280075
280175
280198
280570
280892
280930
281298
281618
281618
281826
281867
281919
282159
282173
282186
282201
282210
282257
282299
282571
282659
282866
282956
283027
283229
283373
283496
283701
283931
283997
284072
284173
284492
284672
284911
284930
284941
285064
285194
285315
285657
285766
285998
286037
286289
286434
286638
286651
286653
286690
286775
286794
286914
287147
287296
287356
287698
287722
287804
287969
287973
288037
288113
288254
288343
288391
288685
288771
288930
288968
288994
289075
289290
289298
289469
289495
289589
289825
289902
289973
290052
290301
290362
290740
290972
291003
291124
291155
291219
291292
291394
291407
291504
291540
291608
291617
291777
291825
291826
291941
291951
291974
292112
292150
292174
292198
292303
292344
292360
292403
292453
292456
292458
292561
292682
292874
293182
293255
293304
293385
293513
293688
293760
293803
293815
293856
293988
294204
294307
294351
294434
294588
294658
294689
294706
294732
294909
295000
295246
295267
295412
295567
295593
295635
295706
295710
295733
295911
295950
296144
296197
296331
296337
296440
296448
296729
296908
297186
297198
297358
297722
297820
297833
297863
297928
298076
298129
298169
298196
298226
298260
298262
298311
298329
298494
298498
298551
298647
298738
298774
298795
298797
298849
298937
298995
299017
299184
299202
299271
299354
299366
299381
299507
299529
299723
300013
300044
300176
300458
300460
300540
300640
300658
300678
300814
300925
301049
301099
301182
301409
301436
301592
301653
302016
302041
302165
302184
302449
302477
302665
302784
302872
303421
303494
303642
303705
303951
304069
304374
304400
304519
304907
304919
305037
305084
305152
305186
305243
305270
305283
305506
305617
305667
305748
305774
305784
306163
306363
306470
306497
306547
306731
306840
307081
307088
307092
307141
307210
307365
307368
307446
307659
307922
308230
308318
308423
308426
308550
308614
308661
308787
308790
308794
308796
308980
309016
309253
309301
309305
309365
309681
309810
309821
309931
310124
310154
310175
310184
310241
310270
310301
310322
310324
310349
310974
311058
311082
311146
311173
311288
311361
311710
311793
311896
311954
311997
312059
312078
312115
312319
312564
312872
313023
313281
313309
313407
313447
313482
313505
313572
313600
313869
313955
314001
314010
314027
314196
314486
314543
314588
314628
314644
314657
315031
315142
315306
315564
315654
315662
315771
316083
316139
316724
316741
316792
316945
316996
316997
317025
317118
317233
317358
317359
317370
317404
317530
317538
317568
317594
317603
317679
317731
317748
317806
317820
317956
317975
317982
318127
318156
318185
318219
318227
318250
318258
318325
318390
318472
318486
318489
318492
318766
318791
318973
319257
319301
319558
319616
319658
319682
320062
320112
320428
320886
320960
321369
321371
321408
321477
321637
321662
321662
321671
321977
322055
322240
322364
322471
322513
322588
322891
322905
322987
323185
323198
323597
323685
323715
323716
323747
323804
323821
323857
323946
324097
324110
324224
324241
324513
324626
324691
324749
324834
324905
324917
325062
325143
325216
325242
325393
325445
325636
325636
325785
325788
325837
325847
326018
326116
326278
326421
326448
326541
326620
326749
326998
327013
327022
327057
327084
327177
327239
327270
327298
327387
327476
327541
327624
327668
328065
328155
328419
328548
328589
328627
328764
328859
329113
329199
329219
329489
329548
329552
329815
329900
329983
329989
330098
330113
330270
330485
330490
330603
330606
330800
330829
330940
330985
331446
331510
331671
331799
331822
331855
331960
332208
332257
332266
332446
332608
332881
332900
333298
333417
333502
334046
334059
334212
334290
334428
334479
334496
334541
334605
334867
334944
335220
335450
335794
335875
335902
336341
336432
336497
336547
336736
336905
336909
336960
337008
337095
337149
337189
337342
337533
337756
337802
337819
337916
338074
338199
338222
338271
338275
338406
338652
338738
338749
338820
338833
338886
338942
338954
339248
339252
339254
339377
339513
339609
339652
339663
339670
339963
340085
340098
340287
340290
340316
340322
340378
340469
340516
340551
340885
341068
341087
341116
341471
341482
341553
341827
341888
341907
341920
341959
342193
342342
342362
342435
342651
342664
342794
342818
343006
343120
343463
343503
343628
343630
343873
343888
344227
344242
344431
344513
344624
344650
344988
345019
345065
345103
345287
345387
345492
345596
345620
345654
345765
345825
345848
345961
345966
346144
346180
346261
346263
346310
346347
346350
346362
346466
346547
346614
346655
346755
346822
346917
347018
347173
347225
347289
347309
347369
347414
347479
347528
347665
347742
347763
347776
347807
348033
348105
348257
348365
348491
348517
348748
348772
348986
349159
349262
349265
349569
349633
349682
349846
349878
349922
349956
350009
350208
350217
350220
350323
350338
350410
350513
350697
350718
350993
351047
351176
351224
351338
351483
351530
351591
351593
351630
351682
351892
351948
351998
352076
352121
352267
352664
352804
352990
353150
353437
353523
353621
353712
353852
353943
354074
354147
354344
354377
354406
354629
355037
355037
355366
355402
355433
355792
355852
355915
356036
356084
356152
356225
356651
356801
356942
356986
357099
357151
357319
357335
357541
357621
357666
357797
357800
357827
358354
358601
358759
358799
358838
359003
359020
359075
359122
359292
359638
359941
360002
360124
360158
360323
360399
360548
360717
360830
361552
361789
361841
361842
361876
361958
362056
362095
362126
362171
362297
362311
362321
362341
362367
362379
362443
362449
362594
362691
362852
362939
362963
362999
363129
363211
363323
363445
363472
363509
363521
363754
364054
364115
364158
364190
364208
364257
364310
364479
364480
364489
364542
364608
364642
364681
364730
364794
364910
364940
365004
365194
365214
365225
365291
365319
365341
365361
365430
365458
365469
365630
365864
366041
366084
366145
366371
366414
366578
366641
366658
366758
366769
366832
366902
366919
366922
366955
367068
367114
367134
367225
367227
367602
367742
367776
367830
367933
367971
368081
368222
368290
368357
368400
368586
368663
368764
368772
368786
368870
368925
368996
369053
369906
369984
370020
370025
370422
370691
370775
370780
370795
370880
370983
371023
371087
371111
371210
371255
371512
371522
371618
371767
371817
371909
372014
372269
372325
372642
372799
372913
372977
373410
373449
373470
373654
373858
373967
374063
374087
374102
374185
374319
374439
374639
374720
374833
374914
374983
375226
375274
375340
375362
375478
375518
375590
375648
375677
375715
375779
375833
375933
375943
375991
376043
376158
376221
376438
376483
376595
376800
376895
376930
377029
377275
377359
377404
377569
377638
377806
377902
377904
377912
378119
378362
378379
378988
379110
379273
379373
379640
379692
379920
379933
379936
379997
380024
380029
380171
380173
380229
380351
380442
380451
380471
380478
380481
380500
380551
380562
380576
380881
380945
380956
381188
381263
381393
381686
381943
382120
382138
382226
382280
382417
382519
382702
382820
382861
382950
382990
383280
383382
383512
383814
383875
383935
384043
384319
384629
384731
384825
384937
385000
385053
385106
385108
385177
385287
385371
385549
385577
385600
385631
386087
386326
386403
386446
386497
386540
386672
386825
386941
386984
387042
387061
387118
387157
387242
387280
387472
387509
387555
387635
387742
388139
388449
388571
388614
388701
388707
388888
388956
389067
389085
389354
389390
389420
389469
389568
389638
389789
389907
390006
390085
390096
390121
390154
390167
390264
390289
390407
390566
390891
390895
391148
391183
391268
391370
391415
391499
391682
391693
391832
391833
391863
392121
392231
392232
392273
392373
392378
392398
392449
392466
392613
392619
392684
392758
392770
392916
392965
392979
392988
393029
393065
393428
393789
393810
393813
393819
393885
394045
394087
394291
394303
394322
394524
394584
394749
394754
394838
394839
394977
395029
395057
395455
395526
395561
395877
395896
395898
395947
396031
396082
396115
396265
396408
396417
396542
396549
396564
396911
396924
397195
397314
397330
397331
397338
397461
397586
398065
398066
398152
398239
398304
398311
398408
398422
398841
398853
398955
398984
399137
399202
399522
399777
399788
399797
399929
399930
400056
400095
400128
400175
400259
400301
400317
400425
400546
400554
400618
400771
401005
401504
401508
401621
401666
401736
401818
401960
401973
402001
402015
402141
402179
402393
402397
402415
402583
402653
402707
403049
403100
403138
403141
403162
403269
403305
403444
403445
403453
403700
404139
404616
404646
404650
404677
404834
404858
404903
404971
404974
404975
405052
405092
405211
405359
405383
405501
405516
405582
405681
405736
405891
405983
406019
406054
406180
406349
406447
406469
406745
406779
406817
406956
406980
407018
407299
407366
407426
407675
407711
407744
407787
407918
407982
408147
408171
408630
408759
408843
408904
408954
408999
409086
409100
409273
409296
409403
409433
409549
409710
409766
410221
410603
410702
410921
410956
411020
411059
411118
411119
411183
411192
411345
411407
411416
411488
411502
411720
411815
411971
412327
412339
412378
412387
412516
412778
412911
412994
413011
413100
413148
413305
413398
413449
413468
413531
413721
413769
413831
413848
413855
413967
413996
414098
414129
414212
414230
414234
414235
414293
414394
414453
414456
414698
414814
414880
414945
414960
415417
415481
415738
415838
415876
416195
416233
416262
416322
416456
416463
416524
416550
416600
416654
416666
416679
416733
416847
416852
416988
417022
417035
417305
417360
417406
417520
417744
417757
417833
417906
417979
418064
418568
418634
418803
418848
419048
419109
419128
419147
419179
419387
419618
419681
419715
419751
419861
420007
420053
420093
420237
420295
420531
420545
420550
420576
421221
421311
421352
421498
421622
421696
421709
421822
421902
421962
422017
422320
422446
422515
422666
422673
422715
422832
422874
423098
423218
423241
423242
423349
423530
423697
423798
423937
423940
424200
424207
424283
424333
424507
424542
424560
424560
424788
424793
424829
424892
424897
424949
424960
424961
424987
424988
425174
425195
425300
425339
425429
425545
425660
425841
425919
426288
426306
426578
426596
426696
426829
426951
427092
427262
427416
427569
427616
427697
427751
427771
427776
427779
427830
427872
428003
428197
428369
428452
428568
428623
428726
429052
429117
429153
429221
429224
429271
429316
429338
429354
429381
429533
429643
429729
429913
429948
430021
430158
430741
430811
430933
430968
431036
431170
431201
431212
431385
431594
431634
431793
431909
432015
432057
432241
432449
432621
432770
432774
432836
432852
432935
432972
433028
433472
433542
433683
433737
433744
433857
433881
434100
434214
434286
434296
434369
434414
434591
434645
434733
434775
434825
434833
434930
435015
435142
435212
435238
435322
435403
435471
435635
435742
435801
436136
436362
436571
436584
436708
437198
437294
437312
437372
437456
437468
437473
437543
437567
437681
437726
437773
437869
438059
438173
438180
438397
438501
438603
438726
438784
438818
438902
438992
439088
439411
439623
439630
439642
439647
439649
439650
439903
440015
440079
440247
440364
440506
441011
441083
441115
441177
441180
441215
441218
441288
441471
441624
441985
442156
442255
442292
442440
442602
442747
442964
443066
443319
443351
443400
443487
443528
443575
443589
443757
443890
444266
444325
444363
444434
444503
444688
444724
444894
445028
445174
445177
445249
445321
445342
445490
445559
445611
446053
446289
446367
446414
446438
446687
446786
446814
446868
446915
446953
446973
447151
447213
447238
447248
447297
447396
447459
447496
447529
447638
447739
447773
447831
448036
448069
448189
448222
448296
448308
448310
448352
448493
448536
448571
448640
448810
448844
448881
448919
448995
449210
449321
449358
449385
449417
449791
449914
449998
450209
450407
450412
450420
450451
450548
450709
450825
450867
451166
451287
451327
451400
451504
451615
451807
451814
451839
451843
451903
451939
452001
452152
452172
452222
452284
452931
453242
453522
453572
453665
453745
453750
453917
454163
454220
454261
454370
454452
454486
454509
454591
454755
454757
454788
455087
455113
455146
455219
455267
455370
455581
455646
455760
455893
456042
456195
456597
456641
456645
456700
456712
456786
456847
456979
457034
457124
457260
457308
457596
457728
457852
458156
458273
458375
458538
458589
458599
458610
458762
458774
459059
459209
459219
459247
459283
459331
459501
459605
459645
459673
459709
459767
459828
459896
459906
460318
460325
460394
460626
460685
460837
460890
461042
461108
461148
461245
461248
461251
461316
461323
461649
461674
461815
461948
462199
462438
462479
462553
462585
462603
462652
463183
463372
463440
463717
463944
464013
464103
464219
464282
464306
464579
464740
464783
464991
465044
465066
465500
465547
465572
465580
465586
465687
465921
465926
465972
466082
466086
466104
466610
466625
466646
466705
467001
467094
467210
467620
467792
467869
467966
468159
468166
468274
468294
468343
468447
468487
468609
468722
468799
468900
468988
469002
469026
469189
469207
469210
469228
469451
469592
469626
469691
469699
469699
469761
469835
469942
470029
470143
470164
470173
470209
470371
470452
470523
470624
470656
470688
470936
470977
471011
471061
471256
471375
471636
471694
471805
472118
472135
472204
472268
472308
472330
472501
472581
472618
472741
472772
473059
473154
473220
473301
473314
473373
473434
473568
473577
473913
473992
474044
474145
474803
474902
474943
474997
475262
475467
475476
475620
476054
476236
476271
476330
476752
476767
476775
476883
476957
476958
476993
477063
477219
477304
477309
477320
477430
477461
477577
477939
477959
477971
478067
478149
478497
478604
478769
479086
479210
479218
479447
479498
479524
479648
479836
479953
480004
480043
480285
480381
480405
480510
480695
480815
480852
480960
481035
481066
481154
481193
481268
481346
481390
481521
481562
481714
481829
482051
482087
482091
482113
482370
482425
482538
482657
482701
482859
482862
482933
482938
482958
483004
483255
483311
483354
483486
483493
483513
483592
483600
483948
484072
484198
484226
484232
484308
484404
484506
484576
484634
484660
484815
484954
484956
484967
484986
485031
485091
485346
485617
485697
485789
485797
485818
485905
486019
486124
486142
486158
486192
486324
486446
486832
486847
486924
486944
486994
487152
487177
487270
487273
487397
487673
487923
488578
488736
488890
489170
489216
489249
489311
489369
489439
489562
489584
489626
489844
489851
489956
490293
490293
490376
490499
490513
490532
490615
490770
490992
491052
491191
491192
491202
491330
491438
491458
491467
491474
491482
491580
491717
491734
491767
491779
491788
491853
492014
492150
492198
492299
492318
492429
492493
492551
492568
492735
492740
492793
492831
492836
492838
492936
493030
493076
493091
493228
493230
493310
493405
493668
493689
493738
493812
493860
494019
494213
494231
494249
494289
494326
494330
494440
494506
494699
494846
494987
495141
495197
495217
495444
495478
495506
495989
496001
496041
496200
496289
496301
496362
496363
496452
496580
496816
496938
496985
496994
497014
497056
497061
497218
497419
497474
497758
497773
497848
498127
498249
498271
498286
498354
498648
498885
498930
498931
498933
498972
498994
499054
499072
499075
499103
499163
499315
499382
499499
499986
500004
500260
500299
500320
500370
500886
500995
501251
501347
501350
501450
501555
501658
501687
501751
501765
501968
501973
502018
502124
502156
502167
502206
502244
502293
502483
502500
502553
502580
502581
502585
502712
502739
502767
502856
503127
503303
503364
503627
503711
503761
503772
503794
503955
504031
504181
504235
504301
504308
504315
504463
504602
504829
504933
504947
505009
505167
505297
505303
505406
505501
505617
505701
505745
505775
505809
505822
506008
506035
506038
506117
506148
506295
506390
506410
506450
506483
506559
506895
506959
507041
507190
507226
507239
507354
507370
507380
507452
507484
507641
507697
507746
507760
507793
507957
508130
508343
508478
508534
508833
508959
509023
509287
509299
509486
509596
509818
509996
510005
510054
510152
510176
510226
510501
510718
510747
510821
511002
511112
511446
511477
511660
511749
511753
512018
512021
512127
512277
512285
512339
512533
512579
512737
512859
512893
512914
513149
513427
513498
513507
513571
513645
513718
513763
513891
513970
514042
514235
514275
514494
514672
514690
514749
514823
514885
514927
515018
515100
515429
515730
515780
516008
516070
516101
516123
516406
516711
516733
516905
517062
517068
517109
517141
517237
517366
517416
517566
517576
517741
517786
517865
518126
518130
518906
518963
519115
519149
519215
519456
519491
519683
519820
519883
520024
520065
520088
520114
520191
520219
520224
520330
520439
520553
520592
520685
520900
520996
521111
521170
521258
521318
521369
521387
521454
521476
521505
521544
521752
521755
521760
522106
522214
522244
522290
522403
522431
522690
522711
522870
523010
523044
523133
523238
523242
523333
523439
523440
523681
523772
523871
524013
524142
524229
524413
524448
524517
524524
524568
524828
524851
525052
525114
525241
525278
525421
525462
525658
525682
525826
525900
526001
526009
526212
526661
526748
526776
526852
526950
526964
527114
527147
527224
527264
527286
527494
527557
527561
527660
527729
527804
527873
527897
527987
528193
528217
528455
528575
528790
528890
528985
529093
529124
529148
529255
529332
529468
529680
529690
529847
529866
529972
530086
530108
530130
530348
530394
530572
530735
530760
530996
531244
531368
531375
531458
531536
531573
531637
531701
531815
531852
531996
532094
532244
532268
532300
532491
532546
532607
532676
532737
532742
532845
532905
533006
533010
533018
533389
533390
533397
533612
533758
533825
533932
533941
534098
534385
534475
534487
534487
534629
534681
534683
534755
534787
534936
535050
535062
535182
535274
535312
535656
535663
535747
535776
535979
536102
536317
536429
536432
536528
536632
536701
536743
536813
536930
536950
536992
537112
537159
537190
537277
537285
537310
537312
537330
537394
537595
537615
537856
537861
537941
538121
538219
538387
538490
538600
538675
538756
538861
538910
538984
539078
539241
539505
539559
539703
539746
539753
539782
539904
539974
540096
540300
540453
540475
540479
540546
540562
540568
540686
540694
540811
541240
541456
541776
541804
541807
541941
541965
542070
542148
542338
542374
542442
542478
542491
542655
542715
542815
542867
543002
543018
543035
543132
543256
543429
543456
543526
543640
543722
543844
543859
543974
544195
544316
544325
544553
544651
544683
544828
544836
544860
544884
544889
544943
545211
545344
545439
545856
545860
546034
546051
546107
546133
546138
546187
546201
546342
546668
546744
546761
546773
546823
546835
546958
547076
547156
547204
547398
547503
547828
547844
547864
547914
547946
548028
548136
548186
548404
548581
548670
548708
548854
549197
549369
549439
549655
549680
549706
549743
549811
549910
550100
550183
550289
550387
550421
550424
550592
550801
550834
550994
551415
551530
551533
551618
551751
552129
552147
552187
552192
552214
552612
552619
552694
552707
552746
552933
552941
553040
553196
553231
553245
553294
553312
553444
553529
553543
553612
553623
553803
553904
553924
553972
554047
554106
554163
554198
554230
554261
554272
554373
554410
554427
554436
554497
554588
554700
554740
554790
554935
555040
555253
555441
555451
555648
555701
555772
556150
556183
556623
556772
557079
557097
557262
557272
557308
557335
557445
557639
557682
557699
557880
557901
557936
557957
557979
558009
558113
558164
558327
558378
558729
558843
558917
558985
559080
559135
559144
559190
559237
559264
559545
559614
559656
559688
559905
560035
560169
560252
560276
560305
560694
560911
561029
561131
561240
561265
561278
561320
561438
561547
561917
561918
561924
561955
562149
562270
562282
562348
562373
562407
562461
562633
562634
562795
563139
563173
563202
563244
563329
563516
563530
563666
563867
563950
564113
564215
564280
564294
564297
564350
564370
564504
564739
564822
564832
564951
564958
564986
565117
565206
565539
565557
565701
565711
565721
565895
566113
566276
566281
566518
566593
566729
566751
566867
566982
567015
567168
567172
567294
567525
567742
568042
568065
568163
568308
568319
568328
568346
568471
568568
568570
568574
568595
568671
568682
568932
569097
569121
569138
569289
569295
569560
569578
569647
569813
569943
569993
570018
570081
570137
570167
570270
570452
570708
570715
570724
570822
570827
570843
570862
570865
570960
570999
571023
571039
571106
571122
571152
571161
571439
571451
571844
571894
572046
572216
572230
572300
572344
572396
572658
572694
572740
572861
573040
573177
573209
573260
573269
573286
573692
573744
573750
574047
574055
574099
574158
574522
574666
574667
574910
575001
575050
575082
575104
575274
575479
575514
575651
575942
576025
576099
576196
576318
576526
576539
576766
576784
576904
576906
576996
577023
577072
577081
577451
577478
577486
577744
577756
577770
577883
577932
577978
578114
578194
578258
578381
578416
578594
578846
578879
579012
579083
579098
579338
579822
579886
580091
580160
580206
580241
580248
580270
580418
580618
580677
580783
580948
580967
581004
581282
581284
581351
581419
581475
581483
581574
581680
581833
581980
582120
582123
582424
582426
582458
582474
582510
582910
583167
583184
583362
583428
583431
583917
583956
584048
584130
584443
584959
585230
585240
585328
585378
585408
585412
585564
585648
585745
585896
585900
586122
586148
586293
586931
587073
587252
587300
587372
587452
587675
588128
588239
588254
588284
588447
588507
588625
588759
588806
589103
589202
589291
589304
589358
589490
589800
589913
590198
590231
590364
590369
590493
590543
590774
591021
591051
591182
591233
591318
591417
591703
591703
591721
591825
591845
591974
592069
592153
592191
592196
592243
592432
592479
592484
592539
592832
592898
592948
593063
593074
593352
593359
593565
593613
593625
593989
594294
594350
594386
594444
594488
594640
594679
594736
594771
595068
595097
595356
595467
595513
595519
595522
595750
595767
595790
595859
595908
596036
596067
596231
596484
596623
596679
596722
596849
597292
597356
597469
597688
597691
597698
597740
597864
597913
598065
598145
598279
598409
598471
598506
598586
598712
598811
599216
599317
599355
599371
599555
599572
599686
599727
599826
600031
600087
600091
600095
600104
600174
600214
600296
600394
600462
600482
600790
600928
600954
601037
601188
601289
601491
601501
601613
601673
601781
601801
602003
602236
602377
602533
602582
602624
602678
602701
602783
602867
602895
602896
603098
603197
603242
603289
603326
603472
603520
603542
603578
603689
603779
604276
604297
604317
604358
604407
604535
604643
604668
604728
604820
604826
604953
605039
605244
605577
605596
605608
605640
605690
605751
605930
605951
606055
606117
606130
606139
606142
606163
606245
606440
606493
606625
606861
606993
607149
607164
607180
607182
607637
607648
607798
607839
608180
608236
608704
608706
608715
608872
608882
608900
609075
609115
609233
609264
609368
609491
609953
609972
610180
610213
610293
610306
610336
610356
610490
610535
610733
610825
611218
611259
611309
611312
611371
611390
611612
611694
611857
611865
612471
612500
612596
612736
612806
613050
613134
613360
613408
613448
613466
613719
613785
613907
613910
614035
614042
614043
614087
614407
614449
614570
614811
614826
614888
614991
615181
615254
615355
615452
615454
615462
615589
615910
615988
616074
616189
616485
616539
616630
616768
616786
616795
616896
616911
616980
616994
616994
617044
617169
617398
617511
617636
617737
617858
617912
618067
618120
618207
618249
618333
618351
618375
618539
618574
618857
618892
619060
619060
619095
619240
619313
619371
619397
619594
619597
619757
619836
619847
619964
620057
620125
620378
620435
620471
620565
620579
620605
620888
620919
620943
621093
621173
621218
621246
621275
621275
621379
621441
621472
621479
621507
621549
621553
621579
621598
621815
621842
621964
622003
622039
622039
622290
622318
622326
622349
622356
622603
622712
622831
622917
622998
623204
623221
623588
623737
623774
623780
624047
624050
624089
624196
624539
624632
624648
624838
624884
625047
625261
625381
625518
625528
625714
626120
626193
626597
626694
626714
627094
627107
627347
627458
627650
627705
627734
627823
627829
627887
628025
628026
628132
628144
628239
628242
628292
628460
628603
628687
628720
628847
629016
629127
629332
629411
629501
629547
629702
629957
630106
630266
630288
630395
630734
630767
630849
630951
631076
631092
631140
631163
631170
631341
631540
631757
631977
632019
632091
632179
632184
632377
632436
632457
632621
632838
632871
632955
633129
633219
633227
633261
633270
633309
633339
633835
633975
634023
634064
634265
634307
634326
634360
634610
634745
634785
634812
634843
634909
635037
635225
635352
635516
635544
635877
636004
636011
636017
636028
636031
636136
636182
636205
636406
636499
636550
636606
636618
636625
637020
637069
637557
637573
637574
637598
637604
637605
637612
637626
637774
637814
637815
637844
637915
638057
638063
638074
638195
638221
638283
638327
638336
638364
638534
638748
638787
638813
638831
638919
638986
639231
639510
639609
639653
639740
639747
639813
639827
639847
639858
640169
640201
640313
640942
641022
641074
641080
641130
641224
641251
641428
641562
641644
641840
641844
641967
642061
642088
642111
642127
642142
642256
642428
642447
642491
642581
642589
642619
642776
642788
642950
643105
643114
643248
643374
643386
643388
643939
643955
644082
644194
644403
644480
644762
644790
644928
645066
645125
645178
645183
645219
645256
645329
645623
645666
645741
645821
645836
645922
645955
646012
646120
646185
646273
646340
646434
646532
646676
646681
646725
646788
646817
646819
646880
646891
647027
647153
647275
647538
647802
647915
647935
648008
648048
648210
648218
648222
648258
648509
648514
648783
648847
648962
648983
649070
649123
649132
649281
649401
649429
649599
649652
649661
649709
649970
649974
650024
650058
650081
650192
650282
650326
650637
650748
650756
651084
651096
651103
651267
651431
651495
651719
651789
651837
651881
651926
652069
652326
652358
652454
652511
652513
652542
652564
652588
653024
653044
653074
653075
653093
653108
653254
653254
653472
653510
653747
653970
654082
654168
654417
654431
654480
654518
654544
654546
654572
654705
654763
654819
654827
654904
654948
655173
655193
655373
655431
655668
655900
655940
656182
656224
656233
656364
656509
656706
656830
656935
656948
656972
656977
657205
657415
657434
657745
657950
657965
658033
658151
658225
658292
658400
658494
658500
658710
658722
658819
658977
659215
659326
659342
659471
659490
659556
659605
659648
659681
659703
659724
659934
659936
660061
660080
660156
660237
660313
660346
660351
660353
660401
660500
660548
660583
660830
660950
661032
661100
661109
661173
661176
661206
661248
661535
661628
661689
661711
661819
661870
661928
661947
661974
662016
662084
662175
662340
662349
662446
662542
662545
662580
662886
662959
663040
663067
663246
663308
663494
663499
663616
663640
663682
663828
663911
664121
664150
664275
664290
664310
664523
664561
664570
664716
664787
664798
664865
665000
665023
665059
665087
665100
665175
665257
665283
665306
665321
665483
665571
665604
665643
665734
666011
666026
666077
666131
666242
666387
666396
666407
666438
666492
666511
666549
666577
666776
666902
666955
666966
667558
667683
667705
668078
668209
668314
668391
668400
668501
668804
668922
668957
669438
669491
669578
669614
669628
669706
669749
669760
669795
670015
670223
670360
670414
670633
670710
670742
670813
670966
671111
671124
671144
671232
671394
671525
671598
671742
671811
671852
671877
671921
671971
671981
671984
672045
672055
672068
672322
672323
672337
672384
672490
672497
672565
672640
672670
672808
672891
672905
672925
673248
673333
673347
673462
673664
673676
673788
673809
674058
674291
674300
674580
674585
674654
674714
674719
674748
674757
674761
674801
674961
674984
674996
675037
675047
675129
675145
675168
675259
675304
675429
675439
675529
675575
675675
675715
675756
675771
675853
676260
676471
676527
676541
676616
676873
676877
676922
677007
677047
677061
677092
677402
677560
677618
677747
677832
677894
678035
678090
678184
678345
678346
678436
678479
678482
678631
678692
678876
679181
679423
679539
679848
679856
679954
680096
680116
680332
680563
680568
680633
680679
680848
680907
681000
681128
681150
681165
681246
681251
681296
681365
681770
681849
681862
681875
681931
681978
682054
682104
682121
682138
682235
682341
682407
682432
682563
682656
682844
683367
683378
683462
683468
683749
683795
683804
683872
683942
684188
684219
684287
684347
684437
684447
684455
684465
684526
684540
684854
684887
685364
685425
685595
685871
685947
686504
686510
686602
686615
687035
687053
687327
687394
687572
687632
687633
687654
687802
688030
688074
688077
688130
688228
688238
688468
688540
688684
688687
688836
688943
688956
689005
689094
689185
689185
689248
689367
689376
689382
689478
689582
689680
690022
690216
690257
690282
690342
690444
690486
690502
690637
690941
691254
691281
691470
691639
691650
691835
692211
692233
692241
692281
692433
692564
692589
692632
692708
692772
692820
693059
693202
693338
693383
693425
693457
693578
693605
693621
693675
693843
693933
694400
694509
694661
694750
694795
695145
695192
695351
695366
695447
695568
695635
695756
695809
695853
695906
695979
695994
696207
696511
696565
696716
696843
697096
697117
697179
697195
697259
697515
697531
697647
697723
697733
698218
698698
698824
699359
699806
699847
700056
700200
700242
700362
700417
700490
700611
700659
700684
701266
701369
701458
701477
701707
701713
701768
702004
702273
702299
702372
702505
702567
702723
702854
702950
703001
703180
703216
703253
703322
703338
703360
703367
703657
703707
703829
703876
704175
704191
704400
704430
704554
704587
704646
705093
705280
705290
705303
705393
705465
705560
705791
705899
705909
705929
705944
705960
706008
706059
706068
706092
706263
706285
706376
706650
706682
706690
706730
706996
707088
707136
707211
707334
707404
707438
707471
707579
707604
707662
707731
707743
707763
707772
707876
707899
707903
707943
708312
708688
708723
708901
708912
708945
708982
709231
709303
709480
709488
709575
709877
710012
710019
710132
710241
710255
710271
710378
710462
710555
710576
710660
710776
710927
710976
710987
711298
711494
711804
711816
712130
712176
712242
712292
712365
712623
712644
712779
713096
713104
713109
713559
713711
713724
713857
713950
713968
714051
714311
714340
714355
714510
714579
714611
714850
714969
715232
715316
715335
715368
715401
715626
715840
715855
715901
715905
715925
716099
716240
716263
716275
716324
716344
716521
716669
716704
716774
716998
717085
717201
717354
717406
717453
717478
717760
717818
717837
717919
717959
718045
718070
718074
718162
718315
718481
718644
718663
718756
718863
718926
718928
718988
719011
719255
719354
719374
719381
719408
719477
719529
719633
719791
719808
719815
719824
719842
719873
720166
720188
720190
720568
720620
720628
720650
720756
720854
720945
720954
721096
721100
721139
721273
721316
721338
721404
721417
721447
721669
721758
721931
721998
722537
722965
723020
723437
723646
723686
723789
723872
723882
724149
724185
724313
724344
724453
724468
724739
724881
725012
725033
725130
725220
725287
725288
725295
725319
725350
725368
725409
725427
725428
725674
725685
725696
725732
725770
725788
725954
726259
726421
726478
726568
726630
726654
726665
726691
726720
726796
726816
727049
727071
727215
727466
727506
727514
727553
728128
728141
728151
728392
728498
728535
728546
728608
728860
728885
728897
729006
729036
729115
729157
729207
729339
729511
729648
729771
730044
730093
730183
730188
730454
730513
730522
730626
730832
730904
731111
731152
731256
731364
731420
731479
731706
731748
731781
731790
731817
731835
731879
731932
732013
732022
732026
732056
732105
732183
732489
732573
732595
732758
732914
732919
733446
733493
733496
733523
733770
734195
734237
734741
734823
734963
734998
735009
735053
735062
735184
735186
735370
735515
735612
736001
736001
736107
736119
736126
736212
736452
736455
736571
736599
736681
736731
736871
737062
737133
737140
737195
737238
737343
737514
737589
737594
737744
737797
737895
738048
738108
738128
738158
738311
738346
738440
738572
738858
738946
739113
739124
739164
739181
739187
739470
739867
740065
740111
740228
740248
740300
740348
740400
740502
740540
740591
740717
740868
740939
740979
741014
741050
741148
741213
741480
741551
741655
741839
741910
741976
742262
742275
742493
742582
742756
742756
743033
743263
743361
743363
743448
743554
743609
743765
743819
743838
743899
743945
743988
743990
744323
744348
744400
744476
744535
744612
744628
744661
744741
744756
744777
744860
744985
745104
745157
745299
745335
745395
745476
745588
745713
745729
745808
745809
745954
746014
746041
746160
746247
746307
746339
746384
746430
746689
746777
746796
746827
746919
747010
747266
747366
747446
747506
747547
747725
747910
747933
748281
748408
748422
748509
748538
748684
748926
748981
748985
749005
749012
749206
749355
749549
749637
750185
750187
750231
750236
750293
750356
750364
750505
750556
750559
750562
750708
750710
750713
750768
750882
750989
751265
751449
751465
751571
751833
752011
752047
752071
752454
752838
753658
753694
753898
754138
754196
754378
754387
754420
754467
754482
754601
754662
754678
754714
754720
754733
755093
755114
755259
755410
755709
755730
755746
755768
755826
755973
756045
756208
756311
756384
756442
756869
756919
756933
757144
757161
757208
757248
757437
757474
757489
757671
757704
757841
758015
758223
758374
758386
758546
758632
758735
758743
758801
758871
758983
759114
759134
759192
759303
759409
759444
759446
759447
759522
759566
759602
759823
759862
759882
760097
760107
760172
760306
760448
760772
760871
761242
761250
761272
761298
761335
761466
761644
761766
761821
762009
762160
762300
762440
762456
762461
762516
762563
762910
762934
763060
763103
763270
763399
763413
763427
763542
763575
763576
763774
763981
764138
764382
764407
764627
764648
764727
764728
764747
764771
764878
765100
765127
765150
765496
765608
765702
765749
765914
765916
766071
766234
766349
766500
766504
766753
766786
766838
766896
766948
766968
766975
767062
767068
767330
767340
767375
767561
767973
768277
768455
768534
768545
768641
768649
768668
768859
768865
768956
768968
769043
769085
769106
769228
769256
769406
769487
769496
769725
769759
769767
769957
770008
770112
770268
770385
770406
770407
770548
770667
770944
770994
771029
771104
771172
771180
771259
771534
771651
771768
771786
771809
771815
771856
771873
772001
772196
772215
772346
772512
772536
772583
772593
772677
772819
772834
773093
773104
773412
773433
773610
773624
773807
773901
773941
773964
774163
774321
774496
774501
774632
774694
774784
774789
775125
775386
775428
775464
775774
775827
775871
775901
776151
776249
776304
776363
776510
776549
776646
776778
776789
776815
776941
776956
777074
777186
777194
777208
777267
777459
777478
777517
777542
777712
777742
777770
777780
777782
777849
778128
778163
778590
778623
778712
778762
778984
779161
779389
779535
779568
779747
780130
780178
780226
780234
780276
780287
780721
780974
781498
781556
781631
781841
781992
782093
782104
782114
782241
782421
782516
782667
782668
782691
782748
782779
782785
782848
782929
783023
783033
783204
783273
783292
783328
783358
783415
783629
783674
783743
784003
784203
784286
784352
784373
784384
784385
784432
784543
784609
784766
784823
784881
784931
785097
785205
785242
785296
785458
785478
785527
785552
785691
785823
786129
786133
786224
786252
786306
786439
786488
786574
786742
786764
787083
787122
787157
787224
787280
787482
787871
787990
788043
788081
788186
788265
788320
788336
788355
788626
788904
788990
789051
789105
789107
789223
789338
789430
789790
789971
790143
790375
790490
790493
790544
790840
790861
790911
791526
791815
791889
791919
792024
792188
792293
792308
792348
792375
792474
792584
792605
792750
792924
792957
793031
793244
793385
793393
793417
793468
793782
794244
794246
794295
794412
794454
794618
794636
794846
794870
794894
794951
795019
795096
795174
795276
795285
795312
795337
795475
795557
795642
795677
795716
795938
796629
796681
796770
797122
797302
797313
797333
797339
797350
797379
797440
797498
797790
797794
798055
798072
798258
798443
798456
798774
799054
799097
799111
799350
799543
799549
799608
799741
799798
799862
799883
800373
800501
800561
800603
800618
800728
800855
800870
801055
801136
801185
801198
801246
801248
801262
801383
801392
801456
801506
801577
801856
801905
801933
802132
802191
802315
802382
802386
802465
802574
802662
802692
802707
802714
803077
803128
803420
803763
803777
803875
804046
804068
804150
804246
804382
804387
804397
804558
804598
804689
804740
804898
804908
805163
805347
805371
805551
805977
805994
806165
806282
806555
806624
806668
806804
807125
807293
807300
807552
807835
808044
808320
808374
808400
808511
808527
808674
808719
808730
808737
808781
808799
808835
808844
809167
809169
809211
809291
809373
809385
809416
809528
809623
809677
809706
809790
809837
809928
810403
810406
810420
810494
810726
810937
810990
811320
811451
811762
811965
812011
812018
812038
812109
812315
812321
812346
812366
812435
812493
812509
812630
812669
812704
812708
812774
812867
812870
812973
813039
813053
813650
813686
813693
813766
813781
813784
813798
813803
813831
813972
814091
814569
814663
814674
814823
814830
815042
815132
815264
815380
815440
815523
815619
815634
815695
815854
815902
816088
816486
816561
816738
816799
816900
816908
816943
816950
816959
816975
817011
817015
817151
817306
817482
817580
817655
817727
817816
818041
818154
818169
818301
818456
818498
818507
818610
818672
818702
818810
818934
818996
819010
819123
819124
819174
819399
819479
819663
819674
819742
819763
819825
819870
819960
820002
820351
820376
820576
820796
820807
820825
820936
821081
821223
821240
821251
821560
821566
821631
821754
821775
821807
822029
822067
822095
822190
822257
822277
822345
822379
822416
822448
822459
822656
822676
822781
822840
823140
823156
823392
823468
823569
823703
823831
823948
824222
824250
824554
824640
824819
825018
825037
825331
825377
825426
825483
825492
825522
825523
825524
825544
825601
825762
825895
825905
826003
826062
826140
826164
826242
826326
826351
826385
826492
826788
826876
827003
827144
827245
827249
827318
827477
827524
827606
827886
827941
828022
828023
828024
828026
828293
828678
828892
829031
829050
829105
829109
829233
829258
829288
829314
829415
829528
829560
829576
829608
829789
829794
829904
830082
830135
830192
830205
830928
831123
831242
831547
831682
831823
831840
831882
831941
831955
831966
832093
832188
832433
832522
832563
832882
832977
833485
833570
833655
833714
833814
833878
833915
833935
833945
833952
834176
834304
834309
834409
834481
834517
834558
834560
834610
834612
834673
834741
834860
835031
835039
835249
835285
835296
835355
835440
835470
835472
835538
835866
836340
836438
836475
836563
836616
836824
836860
837084
837132
837461
837475
837504
837615
838011
838048
838094
838105
838309
838315
838330
838385
838601
838717
838904
838965
839126
839182
839652
839659
839665
839708
839928
840056
840219
840341
840385
840489
840502
840808
840867
840926
840978
840985
841242
841265
841307
841325
841342
841361
841407
841501
841520
841545
841766
841783
841804
841854
841985
842128
842269
842447
843184
843302
843319
843331
843335
843409
843414
843495
843504
843708
843745
843767
843897
843983
844141
844236
844299
844347
844347
844414
844488
844535
844597
844695
844713
844810
845053
845093
845262
845683
845855
845898
846042
846068
846126
846199
846278
846322
846330
846450
846517
846524
846582
846821
847008
847077
847239
847332
847417
847430
847547
847608
847707
847823
847880
848101
848198
848715
848766
848829
848884
848941
848954
849248
849285
849312
849432
849568
849584
849586
849617
849875
849939
849985
850050
850124
850129
850164
850401
850821
850862
850967
850977
850992
851073
851135
851272
851345
851436
851770
851976
852029
852078
852431
852469
852672
852689
852737
853077
853093
853095
853130
853172
853228
853278
853326
853349
853370
853628
853690
853719
853767
853985
854008
854027
854078
854475
854512
854532
854699
854701
854901
854951
855082
855122
855189
855200
855291
855300
855526
855641
855671
855732
855812
855834
855860
855878
856144
856157
856237
856238
856267
856345
856560
856649
856651
856723
856794
856841
856954
857046
857112
857140
857191
857215
857281
857449
857635
857666
857706
857822
858009
858052
858562
858728
859144
859249
859616
859720
859772
859777
859890
860128
860136
860159
860164
860178
860236
860238
860350
860515
860775
860854
861017
861050
861103
861367
861459
861544
861552
861554
861594
861602
861756
861836
861945
861971
862003
862038
862117
862218
862228
862341
862356
862435
862441
862664
862688
862691
862735
862789
862878
862894
862894
862930
862937
863040
863149
863285
863436
863737
864116
864257
864426
864446
864623
864647
864663
864710
864779
864863
864910
865186
865440
865441
865442
865509
865646
865753
865791
865875
866084
866179
866350
866451
866660
866724
866782
866958
867254
867254
867313
867348
867434
867474
867490
867668
867690
867728
867783
867823
867827
868168
868241
868313
868348
868465
868557
868638
868776
868789
868829
868840
868983
869031
869182
869207
869208
869295
869432
869442
869514
869546
869583
869675
869794
869818
869964
869974
869985
870020
870107
870380
870575
870602
870650
870822
870923
871020
871183
871247
871450
871600
871739
871774
871778
871976
872142
872252
872272
872307
872441
872504
872573
872607
872687
872738
872799
872859
872893
872948
873054
873179
873203
873414
873743
873839
873890
873905
874030
874041
874053
874277
874329
874365
874395
874539
874559
874589
874603
874764
875128
875537
875571
875731
875815
875847
875893
875927
875942
876040
876217
876234
876511
876554
876607
876688
876699
876729
876787
876974
876987
877004
877011
877260
877287
877503
877672
877814
877861
877900
877984
878270
878346
878391
878512
878570
878574
878623
878802
879308
879529
879586
879755
879756
879838
879845
880093
880237
880261
880288
880322
880397
880424
880534
880557
880658
880726
880834
880844
880852
881091
881125
881129
881140
881330
881548
881573
881647
881691
881877
882074
882758
882825
882854
882868
882876
882924
883061
883171
883204
883480
883492
883598
883671
883678
883815
883823
883982
883989
884023
884087
884270
884303
884329
884619
884670
884728
884800
884821
885046
885047
885089
885115
885432
885451
885510
885547
885620
885696
885719
885730
886042
886082
886185
886202
886289
886398
886535
886738
886982
887394
887428
887520
887525
887643
887752
887778
887816
887948
888184
888402
888427
888594
888711
888790
888908
889156
889177
889212
889228
889323
889401
889429
889456
889514
889562
889855
889867
889943
889959
890064
890189
890336
890383
890397
890599
890666
890709
890723
890964
890972
890982
890983
891004
891032
891218
891585
891709
891830
891867
892299
892398
892408
892470
892553
892575
892583
892620
892622
892660
892779
892912
892960
893117
893118
893166
893204
893232
893329
893344
893393
893448
893873
894131
894181
894231
894575
894655
894871
894920
894937
894984
895141
895229
895239
895292
895373
895388
895634
895717
895789
895950
895967
896299
896318
896452
896586
896748
896865
896979
897476
897753
898319
898345
898355
898384
898400
898859
898885
898898
899231
899390
899462
899573
899674
899720
899730
899972
900018
900021
900084
900191
900218
900277
900323
900456
900565
900786
900790
900944
900984
901028
901078
901310
901390
901433
901777
901826
902305
902390
902405
902526
902865
902904
903052
903184
903269
903305
903384
903434
903511
903519
903595
903629
903632
903643
903759
903823
903956
903993
904013
904188
904210
904220
904317
904433
904611
904635
905129
905244
905352
905373
905423
905517
905818
905851
905980
906264
906307
906439
906508
906652
906725
906771
906778
906890
906976
907112
907153
907221
907233
907248
907249
907251
907289
907328
907468
907492
907521
907596
907627
907628
907664
907827
907828
907927
908113
908145
908392
908449
908511
908765
908774
908872
908895
909105
909510
909511
909824
909958
909973
910020
910224
910229
910317
910336
910429
910447
910649
910679
910708
910767
910856
910912
911366
911651
911679
911702
911710
911936
912113
912169
912197
912229
912293
912300
912373
912418
912437
912475
912498
912584
912708
912768
912809
912876
912881
912899
913086
913181
913268
913370
913499
913605
913654
913677
913738
913825
914007
914178
914240
914262
914267
914314
914393
914487
914567
914618
914675
914761
915275
915402
915463
915695
915769
915782
915790
915846
915978
916034
916124
916159
916164
916581
916584
916587
916652
917245
917330
917461
917647
917719
917732
917904
917950
918260
918313
918400
918400
918435
918497
918666
918731
918820
918840
918850
918915
918956
919225
919273
919290
919333
919380
919393
919396
919479
919546
919706
919840
920041
920118
920246
920257
920303
920414
920475
920681
920821
920850
920901
921204
921236
921249
921399
921400
921537
921616
921699
921793
921796
921913
921959
921973
922095
922106
922196
922230
922478
922535
922559
922718
922724
923080
923271
923337
923464
923806
923891
923896
923976
924007
924463
924477
924542
924654
924713
924716
924878
924879
924911
924943
925017
925093
925227
925255
925277
925379
925466
925597
925935
925959
926171
926208
926334
926520
926730
927048
927160
927271
927431
927647
927691
927867
928026
928236
928280
928293
928578
928706
928724
928726
928742
928783
928841
928902
928961
929120
929435
929473
929484
929491
929663
929798
929831
930002
930043
930128
930251
930294
930323
930402
930520
930522
930530
930635
930646
930685
930692
930785
930804
930829
930990
931005
931012
931096
931361
931669
931734
931813
931818
931870
932072
932072
932259
932279
932304
932481
932482
932557
932558
932602
932603
932789
932822
932959
933047
933077
933322
933324
933331
933357
933376
933445
933480
933572
933674
933938
933980
934017
934027
934144
934417
934562
934634
934687
935038
935106
935116
935148
935209
935409
935510
935525
935556
935583
935858
935930
935981
936010
936261
936328
936378
936458
936626
936629
936643
936855
936915
936922
937061
937064
937100
937146
937257
937593
937628
937646
937672
937810
937816
937821
937931
937954
937985
938025
938062
938063
938100
938117
938368
938477
938512
938529
938550
938612
938781
938824
938871
939019
939128
939201
939202
939224
939440
939477
939485
939538
939721
940032
940169
940280
940344
940828
940893
940986
941084
941199
941226
941414
941613
941655
941750
941795
941806
941945
941951
942577
942696
942907
942988
943014
943140
943184
943247
943316
943398
943469
943539
943631
943699
943754
943951
944231
944463
944533
944534
944886
945000
945128
945194
945306
945337
945568
945576
945674
945753
945796
945803
945885
945885
945942
945960
946192
946404
946409
946471
946603
946638
946861
946874
946973
946974
946987
947091
947150
947256
947467
947499
947746
947757
947768
947792
948106
948170
948190
948238
948383
948561
948616
948638
948813
949011
949106
949215
949237
949393
949448
949479
949569
949615
949871
949892
949898
950038
950043
950387
950411
950669
950746
950905
950969
951310
951422
951430
951437
951458
951469
951521
951636
951652
951884
951916
951929
951961
952100
952102
952106
952250
952469
952492
952542
952566
952642
952648
952712
952833
952944
953007
953272
953355
953564
953612
953635
953795
953876
954130
954148
954174
954313
954648
954740
954840
954855
954866
954952
955070
955261
955262
955324
955551
955733
955773
955838
956056
956167
956413
956430
956487
956516
956701
957077
957278
957322
957416
957441
957535
957543
957622
957827
958002
958176
958245
958315
958508
958636
958875
958928
958996
959017
959044
959058
959289
959327
959393
959395
959511
959683
959756
959975
960035
960060
960140
960175
960200
960299
960361
960363
960392
960450
960507
960522
960524
960601
960630
960901
960904
960977
961053
961105
961233
961271
961432
961484
961497
961532
961534
961589
961860
961943
961966
961994
962024
962043
962091
962409
962502
962594
962686
962775
962817
962859
962937
963004
963118
963285
963338
963387
963425
963468
963590
964044
964178
964287
964368
964523
964638
964797
964805
964822
964882
965033
965113
965189
965211
965229
965257
965379
965400
965510
965531
965589
965606
965665
965772
965805
965848
965968
966054
966261
966332
966406
966418
966716
966849
967037
967062
967125
967165
967480
967486
968000
968391
968643
968699
968788
968799
968891
968966
969055
969092
969206
969436
969482
969492
969501
969596
969683
969833
969996
970020
970205
970269
970504
970634
970789
970812
970857
971025
971223
971499
971542
971609
971628
971815
971948
972033
972035
972093
972102
972133
972184
972205
972467
972540
972557
972573
972912
972957
973083
973148
973176
973222
973353
973577
973627
973658
973876
973950
973992
974227
974275
974286
974403
974413
974531
974642
974676
974756
974756
974907
975014
975065
975257
975269
975486
975645
975768
976077
976207
976291
976457
976477
976563
976708
976752
976777
976894
976895
977099
977123
977309
977573
977717
977783
977909
977914
977917
977938
978536
978750
978763
978790
978922
978952
979064
979230
979312
979361
979397
979567
979800
979850
979896
979905
979987
980014
980143
980154
980405
980468
980475
980613
980672
980848
980890
980907
981127
981389
981766
981984
982000
982061
982423
982605
982808
982984
983060
983096
983204
983357
983528
983544
983562
983582
983618
983653
983665
983863
983899
983939
984087
984092
984120
984125
984133
984146
984196
984324
984444
984520
984585
984695
984880
984892
984973
985156
985160
985267
985633
985679
985780
985921
986091
986201
986232
986308
986313
986453
986582
986632
986706
986784
986906
987004
987016
987100
987236
987269
987312
987335
987389
987511
987574
987582
988040
988114
988115
988202
988245
988371
988545
988555
988579
988649
988662
988712
988884
989005
989294
989324
989487
989613
989616
989853
989869
989974
990051
990253
990301
990389
990390
990434
990502
990558
990567
990569
990615
990673
990802
990894
990918
991184
991469
991559
991655
991739
991851
991924
992075
992188
992390
992414
992599
992603
992641
992653
992776
992798
992808
992846
992932
992966
992971
993075
993119
993120
993293
993332
993374
993393
993439
993611
993756
993916
993950
994055
994163
994461
994529
994567
994639
994662
994692
994717
994792
994804
994897
994936
995241
995264
995386
995438
995867
995917
995995
996092
996168
996179
996192
996320
996322
996388
996400
996424
996548
996640
996737
997031
997042
997074
997177
997272
997513
997792
997798
997845
997902
997962
998388
998817
998921
999234
999239
999279
999339
999412
999455
999552
999625
999743
999807
999813
999863
999894
