1648
1731
1899
2479
5203
5754
7026
7603
8819
9019
12321
12731
12941
13934
16322
19238
19934
24526
26326
27017
28378
28581
30903
32986
33267
35856
36655
36998
37526
38100
39336
39873
40673
41971
42182
43685
44176
46062
46181
46942
46960
47832
48310
48401
48734
50335
50406
51405
52649
54496
57002
57077
58162
60361
61611
62184
64359
64597
66000
66170
67078
67217
68194
69370
69467
69832
70617
71618
73155
73189
73714
73724
74386
74502
74941
76250
76830
77815
78985
79418
79574
81609
82516
83154
83634
84033
88801
90015
90052
90886
92198
92415
92599
92828
95308
95434
96782
97575
98910
103109
104136
106968
107277
108686
111083
112166
112798
113038
115485
115765
116813
117492
118655
119475
121526
121531
121538
122140
122956
123411
123630
125268
126701
128063
128086
128813
130288
131306
131566
132558
133124
134210
134538
134620
135185
135298
135830
136464
136663
137786
137898
138569
140207
140268
141085
141568
142881
144706
145914
146453
146843
148279
148461
149453
149725
150126
150134
150217
150857
151596
152766
153301
153788
157450
157463
157628
159368
160268
160629
162163
162184
162876
164348
165478
168764
168885
169205
169462
169607
169667
170752
170864
171789
172345
173761
174181
175005
175928
178518
178809
179155
180646
181601
181661
181666
182603
183572
184170
184296
184438
185148
185650
188528
190262
190425
193829
194143
195315
195425
199494
199654
200755
201191
201641
201888
203701
205181
205549
205683
206020
206550
207638
209440
211754
213838
213976
214159
214824
215178
217470
218758
218816
219212
220247
220295
221649
223064
223272
223973
226864
227395
227458
228055
228988
229804
233343
233921
234838
235204
235289
235304
236873
237921
238045
240240
242181
242319
245217
245775
246094
246565
246690
247265
249532
250126
250719
250866
252968
253018
253267
254636
255784
256094
256196
257724
258356
259375
261108
262106
262212
262579
262935
263707
263946
264832
265602
266955
267135
267715
268480
269286
270180
270634
270740
271125
271445
271903
272301
274002
275184
278980
280675
280742
284179
286740
286994
287222
289559
291310
294252
294798
297128
297300
297608
298953
299150
299726
299746
299755
300071
300790
303291
304839
305843
313236
313929
315519
315859
316883
318477
318524
319217
319594
320603
321419
323710
323738
324004
325534
325580
326023
327560
329837
330181
331388
332412
332503
334880
334907
335483
335613
336597
336847
337552
338530
339488
339546
339813
341931
343272
345448
347094
347237
347670
348455
348989
351839
354919
356106
358374
358799
360037
360144
361760
362092
362958
364321
365675
366973
371115
372687
374175
375326
375951
380689
385433
385741
386026
386311
386466
387424
387602
389738
390525
393470
394146
395994
397269
397813
397969
398564
399789
399989
402270
404008
404804
405716
410920
410955
415052
415671
415685
416107
418293
419007
419090
419767
421118
426057
427805
431302
432830
434607
436418
438350
438766
440866
441405
442248
443105
443578
446358
447002
447520
448698
448972
449021
449045
449545
450370
452191
453669
454320
454391
456580
457163
458044
458083
458285
458393
458776
461355
464567
464716
466741
468166
468283
469790
470056
470060
470246
470579
470659
472868
475344
476510
476687
479476
480195
480376
481567
481946
482852
484554
486803
487212
487861
488737
490379
490618
491240
492358
495403
495591
495630
497683
498654
499704
500851
502045
502704
502879
504093
504122
505307
508123
509694
511297
513484
513938
514390
514618
514770
515028
520294
520423
520507
522690
523218
523910
525377
525586
525841
526677
527659
527685
527685
528670
528768
530906
531143
531232
531729
532970
533118
533146
536322
539140
539234
539581
540791
541796
542197
542862
542932
543262
545052
545186
545371
545504
546116
546246
547013
547042
547657
549228
549793
551687
553121
554863
557972
559287
559569
559836
560046
562873
562915
564410
564935
565278
566906
567702
567768
568249
569708
572289
574170
576412
577296
577720
577866
580160
581969
582902
583581
583640
584689
584886
585937
586355
588576
591759
592453
593113
595114
595374
596036
596633
597651
598123
599921
600274
601276
602514
604174
604857
605604
606014
609011
609159
611633
612062
612567
613784
613808
616137
617221
618375
619073
624131
625364
625403
626289
626819
628853
628893
629859
630749
631367
631882
632287
633690
634515
634618
635089
635533
637421
638581
638759
638881
641350
642662
643473
643903
644005
645603
646378
646414
650462
651340
651422
651533
651617
651844
652319
653050
653651
655917
658721
661908
662052
662688
662738
663164
663922
665464
665794
666095
666664
670558
671535
671719
672271
672294
672673
673048
673277
675135
675578
676571
677339
677413
677635
677711
677712
677939
678156
681170
681882
681939
682863
683525
684101
684484
684768
684968
685178
685363
685850
686824
686967
687476
688016
693900
694219
694726
695081
695259
695350
696054
698979
701847
704123
704393
708136
708869
709091
709398
709640
710179
713876
714707
714898
715565
715727
716348
716444
716897
717171
717811
720420
721606
722029
723527
723928
724025
724275
724673
728640
730073
732118
732634
734747
734872
735164
735458
736399
739340
739431
740737
740954
742317
744062
744771
745702
746143
747629
747737
749527
749561
750282
750452
751079
751250
751260
753175
753410
753873
755375
756218
757056
757849
758339
759979
760662
761347
762408
763243
765206
765647
766852
766865
768748
769594
770013
770226
770341
770416
770974
771445
771642
772542
774103
774484
775358
776629
777109
778437
779751
781747
785281
787485
788649
788770
789076
789103
790125
790362
790680
790804
791144
791160
791904
792666
793011
793518
796967
801822
801828
802607
803378
803681
804530
806433
807249
808836
809162
810774
811199
811706
813039
814036
815641
816014
816174
816595
817098
818880
820019
821014
822448
822867
824230
824390
824427
827380
828950
829855
829911
830189
830472
830971
831514
831960
832654
833040
833552
833888
834678
834874
834881
835960
836006
838371
839424
839936
840831
841555
844470
844673
845130
845279
845904
846241
846524
847604
847657
848338
848998
849122
851852
853161
854177
856453
856698
857915
858581
858589
859041
859789
860264
862276
863268
863272
866708
868465
869480
870022
871234
871525
872053
872155
872173
872946
873636
874401
875102
876673
877014
878410
878442
879665
880099
882470
882849
883471
883570
885889
886856
887264
888362
894254
895692
898434
898965
899070
899184
900456
903500
903592
906831
907202
909926
912684
913224
914261
914593
917143
918643
921590
924698
925565
925567
926060
926602
927180
928118
929275
930695
931770
934978
935478
936469
936584
937326
937734
938207
939568
940043
941477
941565
942415
943466
944133
945878
947422
947602
948030
948867
949581
949934
950475
954232
956419
957139
957190
958114
961576
962410
964937
965974
967467
968093
969302
969439
969443
970443
972025
972054
973663
973838
974957
977273
979326
979560
982187
982395
983775
984085
984464
984542
985414
986786
990123
990969
994632
994941
995332
995445
999233
