64359
299755
888362
790362
134620
482852
95434
958114
588576
921590
341931
717171
470659
421118
832654
753175
304839
684101
405716
520507
994632
673277
253018
677413
813039
162876
885889
135830
791904
814036
641350
948867
184438
90015
562873
848338
404804
927180
909926
609159
723928
246565
217470
26326
90886
793518
218816
898965
380689
291310
693900
345448
671719
545186
170752
677711
694219
677339
83634
297608
770226
566906
76830
817098
567702
464716
5754
757849
766865
136663
436418
658721
576412
152766
24526
27017
90052
137786
46960
347094
830472
113038
939568
492358
858581
831514
624131
294252
77815
655917
759979
148279
646378
688016
686967
447002
242181
153301
157463
972054
490379
233921
810774
684968
542932
84033
107277
612567
92828
122140
874401
876673
404008
584886
673048
386311
595374
653050
487861
844673
872946
235204
611633
343272
468166
753873
547013
8819
751079
545504
495403
863268
66170
221649
887264
536322
828950
984464
949581
634515
969439
228055
929275
709091
299726
480195
635533
181601
399989
259375
111083
870022
348989
468283
201191
50335
394146
651340
513484
520423
262935
271125
134210
882849
470060
704393
574170
115485
596036
315519
716348
869480
140207
78985
246690
686824
237921
739340
750452
488737
145914
937326
270634
50406
643903
681939
523910
515028
228988
811199
267715
169667
708136
397269
685850
456580
104136
385433
205683
772542
416107
402270
174181
149725
957190
419767
685178
612062
372687
651844
644005
358374
838371
374175
947602
604174
539140
546116
631882
732118
792666
347237
635089
249532
219212
949934
734872
872155
582902
461355
791160
999233
325534
41971
318524
585937
454320
696054
789076
118655
432830
185148
250719
591759
539581
262579
749527
631367
746143
685363
360144
157450
69370
735458
339546
827380
203701
393470
131566
816014
454391
419090
318477
32986
514618
180646
33267
484554
490618
1731
207638
744771
287222
194143
525377
831960
410920
829911
366973
339488
138569
325580
476510
770013
554863
315859
92415
941477
12321
822448
581969
676571
684768
836006
453669
965974
256196
178809
356106
37526
834678
58162
634618
227458
245217
150134
526677
95308
362958
661908
532970
66000
802607
206550
739431
806433
613808
135298
970443
765647
839936
606014
714707
415052
533118
841555
213838
449545
598123
833040
150126
123630
47832
580160
710179
530906
7603
653651
458044
220295
82516
583640
956419
339813
169462
824230
223272
527685
332503
974957
64597
419007
925567
262106
856453
801822
787485
681170
531729
324004
160629
840831
749561
153788
164348
816595
833552
2479
223064
28581
505307
638581
954232
36655
54496
770416
880099
211754
297128
942415
438350
969302
170864
106968
619073
122956
386026
271445
677635
286740
361760
137898
28378
790804
171789
652319
115765
527659
716897
233343
150217
846524
389738
820019
618375
116813
789103
568249
528768
542197
586355
713876
398564
168885
756218
199654
549793
313929
234838
181666
543262
714898
223973
365675
807249
940043
866708
299746
335613
872053
448698
717811
630749
9019
708869
481946
48310
119475
633690
263707
450370
851852
666095
334907
931770
681882
722029
354919
38100
169607
431302
875102
336847
481567
185650
665464
442248
936469
785281
270740
804530
300071
46181
294798
903592
775358
397969
527685
61611
495630
994941
385741
121538
5203
599921
327560
883570
796967
286994
522690
418293
148461
597651
682863
678156
449045
824427
903500
551687
245775
71618
747629
387602
918643
132558
898434
238045
821014
253267
757056
46942
112166
816174
860264
847657
930695
790680
593113
347670
672294
935478
900456
92599
858589
48401
577296
39873
740954
52649
144706
479476
629859
625403
559836
60361
303291
183572
57002
857915
447520
470056
169205
562915
944133
43685
742317
313236
475344
572289
329837
924698
255784
972025
466741
695350
98910
495591
179155
440866
206020
480376
564410
553121
675135
720420
297300
498654
497683
531232
781747
698979
272301
604857
907202
926602
769594
236873
559287
859789
879665
390525
829855
199494
452191
83154
990969
358799
399789
871234
694726
834881
895692
150857
595114
508123
646414
73724
882470
977273
141085
229804
613784
195425
564935
701847
662738
457163
967467
941565
926060
458083
247265
348455
542862
266955
642662
715727
577720
12941
740737
146453
502045
651533
81609
514390
770341
336597
709398
899070
945878
220247
830189
883471
779751
894254
438766
162184
250126
886856
523218
776629
319217
62184
609011
547657
141568
330181
601276
626819
7026
19238
464567
745702
36998
486803
844470
42182
546246
502879
371115
637421
264832
184170
48734
1899
732634
758339
487212
157628
540791
256094
771642
262212
979326
761347
638881
791144
824390
443578
472868
108686
677712
280675
672673
284179
44176
645603
214159
125268
268480
88801
938207
525586
121531
995332
469790
149453
252968
504122
651617
446358
724673
46062
103109
300790
650462
665794
298953
616137
943466
871525
97575
470246
984542
68194
73155
528670
560046
584689
511297
808836
375951
845904
854177
793011
873636
765206
863272
845279
375326
835960
258356
184296
117492
762408
74941
583581
811706
747737
809162
280742
79418
201641
557972
847604
240240
136464
491240
912684
151596
500851
1648
736399
200755
928118
774103
227395
121526
351839
254636
520294
205181
441405
395994
677939
426057
950475
626289
666664
246094
316883
723527
687476
130288
513938
159368
913224
449021
74502
628893
914261
643473
662688
201888
267135
337552
410955
476687
577866
833888
982395
74386
822867
271903
162163
76250
289559
338530
815641
878410
92198
596633
226864
760662
973663
360037
600274
768748
985414
362092
214824
332412
878442
126701
853161
547042
415685
982187
763243
168764
133124
651422
968093
925565
830971
670558
12731
386466
868465
142881
539234
750282
67217
862276
663164
628853
218758
387424
839424
458776
40673
458393
715565
134538
504093
215178
30903
744062
173761
195315
632287
605604
957139
323738
319594
790125
770974
934978
499704
751260
269286
848998
69467
724025
13934
709640
35856
70617
128063
178518
209440
96782
39336
899184
734747
716444
533146
961576
801828
123411
525841
671535
331388
964937
270180
549228
165478
79574
617221
995445
983775
973838
559569
753410
193829
448972
73189
235304
962410
434607
906831
415671
774484
846241
131306
788649
275184
190262
788770
128813
257724
755375
128086
803681
443105
205549
250866
458285
188528
326023
672271
567768
947422
278980
914593
602514
969443
213976
299150
771445
545052
849122
592453
818880
545371
470579
190425
181661
695081
730073
175005
51405
263946
261108
751250
663922
936584
321419
778437
721606
937734
990123
146843
334880
735164
305843
986786
175928
135185
19934
728640
509694
69832
16322
67078
834874
662052
845130
323710
73714
877014
803378
683525
335483
625364
859041
235289
160268
684484
274002
182603
856698
917143
57077
112798
531143
242319
695259
565278
766852
872173
541796
427805
984085
638759
364321
140268
675578
569708
172345
265602
777109
320603
397813
704123
948030
514770
502704
724275
979560
