894231
726654
157463
122676
309016
43111
117645
934017
765496
989613
517366
799111
20144
277138
116642
976708
117462
235475
275502
300658
472118
295000
163410
55054
392466
85210
222734
291292
174871
532300
332208
784286
854475
804068
661689
403305
765100
507793
11854
827245
32520
825018
861554
865646
514885
50750
595068
662084
725409
54978
263862
603098
741480
681000
182002
414453
569578
563173
528455
157548
932959
732056
666077
669628
921204
946874
433028
43350
406180
952100
238992
996320
397586
165145
960140
87043
450709
247150
693578
210075
582120
850821
523238
364310
654417
537394
853767
851770
317233
652069
400056
365469
969492
482933
654546
739181
11218
999279
461316
969055
322987
677832
404616
185730
434733
898384
990390
775774
116718
763981
245385
564958
621218
979567
257695
246820
487152
90177
228200
790375
271304
974907
197776
376595
933331
241036
549197
86627
217647
27813
604297
806624
472330
841804
873414
824222
561918
371767
562348
524413
435015
934144
97637
307092
139719
280009
902526
255086
892912
332881
83405
376158
245717
479447
650326
268569
527987
454486
113842
882924
142262
801136
186944
158663
603542
190579
836860
291941
98894
875927
421696
580160
846322
960363
798072
299271
221464
73978
384731
611857
896586
817580
438818
69885
225378
412339
140238
586293
86590
789338
699359
840926
310241
159801
311288
23697
107723
784385
916159
561240
352990
830205
356801
910224
760107
646725
154044
409710
448296
843335
880288
257453
987100
736126
892620
353621
135218
649429
548854
716099
172879
719815
83566
136151
555253
263238
232645
411488
299529
945000
798443
44255
12859
570999
454757
80893
561438
906439
581282
553924
705944
330985
338820
919706
169850
138087
158132
890709
681128
543035
906652
499163
137001
109971
605577
152775
158562
552619
907828
644082
300044
793385
553904
347528
896299
730522
260331
956430
835355
801055
352121
664787
654480
638986
91437
637626
676260
628025
613134
63116
295911
526852
808799
826385
725427
451843
365319
229368
132832
133179
482862
70224
665321
140629
514494
330485
638364
286638
147873
605640
49679
142914
918666
33078
172158
606163
660346
59468
604358
493091
265238
866350
64890
779535
428003
344431
648222
373654
917245
769767
558378
812708
376043
742493
645836
358601
937931
788320
564986
439411
345654
288685
68332
675675
922559
589358
445321
837461
491482
314543
212058
687632
172247
871774
485905
176493
611612
727553
269704
663640
473314
3523
685871
191715
135477
560276
774496
334867
935116
211719
572740
813831
953795
34004
300540
244294
320112
921537
342435
434214
423937
410956
428197
230421
908392
81156
392232
155120
369984
924713
983562
321977
679539
580206
304907
566276
55321
710555
126819
146282
344624
716774
539703
512579
192703
874365
119198
299507
271117
821807
736212
286434
73161
954740
117789
414880
937646
893118
810726
419109
704554
840502
563867
550801
831123
784003
408759
91041
921399
701713
799054
137363
801456
971542
826164
643955
919333
249790
578194
172239
429224
789790
884800
985160
61501
227917
184023
394839
112754
606245
86236
591721
585378
441218
503772
867254
576526
56856
68758
776249
807552
668957
786439
19741
117087
825426
199262
191931
109691
568570
728141
532607
776151
78212
567168
313955
179960
337533
103614
174208
362341
558009
666438
581284
823392
564215
414293
695568
204325
2525
731790
60219
518906
892575
372913
526661
295710
819399
203854
181444
881330
67033
106654
618333
688077
882074
161658
23261
974275
292682
527264
283997
592153
143635
601613
787280
532244
997513
785296
937593
953007
350993
864910
963468
559545
959017
554790
204169
783743
133008
725033
241885
407787
702372
46641
861103
654168
740228
127248
687802
151601
219208
804740
243435
465580
321637
459767
388139
874603
317956
789051
669438
794618
485818
33246
619095
606130
343463
236907
930002
203314
752071
195772
687654
138891
492836
559656
505809
838717
113409
477063
92472
925093
70018
771104
42776
813798
298329
703360
619397
48022
283701
521318
559135
35857
94190
914240
120199
960200
871247
308614
351047
756208
740717
654819
336736
256755
90452
50441
221010
448919
29048
251540
416600
330603
119539
196826
455267
94899
229818
346261
19826
379997
625381
649652
80042
718074
325847
440506
266526
868983
614407
938025
749012
437456
835296
224690
840056
603326
471694
179023
423242
395526
98758
484198
375648
675771
281919
585900
564370
988712
219535
473434
112808
473373
948190
405383
697259
962775
356084
818301
225618
11743
685364
243556
565701
73958
424283
508478
303951
850129
872142
898345
674801
91102
531701
499315
726796
702299
892470
145807
950746
257421
802692
516406
990389
341471
291974
381686
861552
245063
353150
776778
520685
212118
706690
595097
875847
731256
568574
434833
396265
106954
818498
54251
984695
421622
541807
291826
675853
986091
857046
808730
362126
701707
474943
748981
651096
341907
249630
796629
309365
662886
479210
547204
698824
905818
368081
628026
826062
401973
946471
618857
580270
53203
992966
403100
574047
239703
845262
254792
845053
921793
86693
402397
28941
106718
413305
322588
646788
560035
411720
130301
776304
640169
933938
751833
22808
855812
323597
173846
937146
138273
891585
736731
266720
120027
564504
552192
92545
781631
364608
869985
758743
536317
580677
738158
674748
371512
730044
500995
46257
971815
715626
189754
84005
210525
45112
603472
613050
893448
242399
491052
778762
70014
548028
841407
749355
174069
217824
990567
900018
920041
691470
585745
631163
930685
910229
400175
7984
354074
274833
411815
920246
199184
137668
726421
116697
161294
513718
600095
743838
202681
736871
63760
420093
199891
445249
839665
534787
513498
17546
850977
760871
489844
422017
254436
594294
839126
637574
960361
954313
56514
538984
913086
717478
718481
851436
61213
114715
676922
602783
504235
602896
914314
664121
738946
750231
413531
252918
171912
41383
169041
909973
251630
977123
517576
290972
649974
836475
823140
812321
275521
878391
582510
155041
571023
72380
570843
663308
872738
895789
180551
660548
167987
57628
877900
207662
469942
578258
9108
885730
424961
502585
449385
794636
229563
305667
520114
734237
774501
998388
356225
498930
270310
543429
706650
365430
799883
719791
797313
747446
641844
218111
207595
291608
249852
670015
521476
975269
267431
296144
721758
382226
636004
506450
363211
686615
988884
451400
687035
535312
100195
656509
21065
666511
829794
52957
480004
655431
348033
324626
323716
676877
435238
309931
411502
104392
238062
497758
49210
869583
181723
386540
541941
860178
325143
616768
756442
78112
692241
747506
382120
230654
6835
210140
295635
404650
387742
380171
622039
689094
77522
765150
962937
764728
394303
373470
948638
808737
929831
895634
697723
288391
966261
831242
157157
633261
822345
701266
868829
886738
959289
380229
547828
62334
588507
82586
134875
570715
381188
221951
691639
624050
766753
530760
606993
63460
666966
546201
620435
318489
350338
377904
718045
272897
450825
766504
511002
867728
548186
907289
564280
537861
280175
708945
826876
420007
118273
448810
759114
569097
784352
902405
884303
56790
56136
543456
366658
351483
107783
200787
238031
129841
672640
611309
625518
941750
42798
90337
375943
930522
271523
156837
338222
121608
743899
199543
657745
150504
319558
623221
67980
399522
424892
121934
256041
490293
871450
565711
571451
684219
10002
877004
967125
95484
451814
222765
529332
277851
350220
664716
544884
986313
501751
188603
832093
880658
285064
835440
831682
96862
468274
827606
487177
212719
237778
732013
292150
325062
655940
938781
160896
277836
468988
220453
294909
812867
206775
960601
621815
362297
782516
318486
151012
815440
486994
822448
945576
411407
181729
755973
638919
310124
873203
884619
875942
171980
706285
678090
597913
615589
793031
355433
405736
804382
692772
969833
641130
973222
769256
471375
787871
432621
143870
429948
110211
189201
385000
61824
960977
140616
738346
392121
870923
935209
300814
976895
710927
521755
160570
940986
67231
522690
353943
93091
490293
917719
525278
339248
166044
855878
918400
205752
596036
553444
462438
448069
659490
144331
683367
585408
266461
731706
71569
991184
903759
695994
173128
79280
918260
534487
707876
128784
302184
461108
2491
56946
228242
934417
801262
609972
316996
930635
660950
579822
86373
489369
10235
35655
409433
966332
817727
363521
41495
822067
526776
790544
83322
451615
316997
8774
69575
557262
665571
81678
51889
90533
889959
671144
345103
305186
663911
102375
784881
644403
299017
238481
138228
633219
821566
584443
66557
66342
245848
573209
636606
184846
681251
644480
884023
105962
971609
843331
799798
977783
954952
86107
939201
69307
402707
150361
238190
99787
501350
56170
127749
237309
112802
727071
254055
59326
902904
24681
936855
485091
475620
395057
735053
605951
281298
496580
515730
866782
380173
564832
918731
403138
441624
625047
122116
631076
990502
428623
913499
443890
944886
809528
642788
455146
260351
84634
85850
74230
346362
632955
864116
760172
812774
661628
325636
468166
759192
935556
890723
93249
470173
212559
854951
115042
117975
346755
913825
548404
715925
961966
178164
880322
450451
414212
481035
811320
269072
210996
664523
289902
966418
201527
221907
31991
740065
317538
263475
780234
183986
462585
818810
517109
168547
766234
880844
802191
308230
899730
469026
623588
879755
272851
869182
773433
454370
730454
158582
899720
557639
688074
966849
881691
362594
192815
58400
977909
232500
477971
447297
651926
99114
434930
831547
158787
928783
163066
615454
32903
160587
626120
949215
679181
651103
496041
619371
141456
9149
1650
694795
923271
632377
598279
735515
621472
313572
73749
412994
662959
411059
492936
685947
533397
473301
505303
813650
420545
879586
545211
621093
903269
237118
381263
416679
4736
810937
383382
944533
779747
587300
163839
273824
612471
200574
375340
85144
239154
266427
370775
160966
706730
35218
689582
571152
610356
546668
456042
894984
324241
239404
675259
682054
51304
780287
835031
407675
187790
609491
698218
373449
308426
359941
991851
61263
615181
622039
985780
730904
417833
650024
695853
546835
745157
181259
211630
663616
255783
291407
293513
690502
517062
498127
587452
599317
917732
993332
416195
456847
195531
552612
999239
191876
1270
651267
460325
207164
254780
21632
162843
529680
1005
16717
256234
153664
299354
843409
349846
636028
446053
492831
82702
910912
237821
757489
298849
912584
229900
303421
527224
762516
155440
834673
790861
41538
661206
135495
965531
961994
521454
5200
792474
276911
693425
55923
71436
849568
999625
878570
826140
517068
591703
972957
881125
936458
427776
86899
519883
663682
991924
380442
115134
861017
620943
149883
508343
977099
317679
62396
554106
924007
459828
137332
947768
664798
874041
314588
425195
833714
330940
855291
449358
366641
506483
493310
498933
691281
867668
337149
846524
215986
792924
771786
439623
670813
236914
921699
298129
298262
210936
33242
33536
773624
141981
195484
619597
4011
108655
430158
504308
450867
786488
310974
853130
654705
288113
213378
990434
8589
314196
968799
314010
930323
304069
30153
51863
847008
366084
413398
478604
132397
301409
696207
994639
641074
192073
93352
301182
690486
423349
327270
246341
28440
903184
219753
15196
495989
674291
447739
184973
966716
754138
89441
568328
578416
847880
35320
832977
653044
641224
239937
148473
32118
112479
198252
971223
92557
195446
672337
313600
529866
879845
206048
884821
286289
330800
217617
726720
367830
961484
19106
380562
889177
597469
200404
621379
204772
315031
907628
423697
547156
438784
127397
431594
811965
275272
429052
277926
250386
254605
289290
172664
550100
642111
945306
29011
387061
31921
294307
666011
107062
39242
596484
500299
368290
564951
271410
842128
471805
93263
570452
56640
688956
781556
370780
257263
118821
383512
996548
944534
962686
950905
225743
372642
176205
588284
690342
500320
218916
387509
160241
305506
872948
283027
191776
27132
277916
127638
178005
957322
72744
53999
768859
153766
332900
857666
82059
239030
604820
243539
361789
680907
172590
282659
490770
685595
554700
576318
783415
468159
469592
660500
72278
56075
676471
719374
705093
432015
461649
982605
642142
688468
260331
756384
446438
462652
119578
316741
888594
238853
40711
286914
64533
945568
383875
748538
235584
317025
394045
929663
885451
822257
419048
205725
402001
719842
980468
220461
857822
592832
534936
129214
999455
627107
956167
992653
672925
281618
584130
508833
877287
217937
988115
327541
110933
866179
78743
301653
771768
400546
244235
800561
722965
520224
569121
502580
546138
32302
203343
777780
89013
711298
378119
855200
229369
799741
831823
78195
631170
125893
611865
140537
563516
769106
928726
800603
512737
652358
219400
460318
198063
71951
936378
688943
185572
614042
844597
405582
424987
231881
903434
262584
385577
527804
799549
134171
448844
778984
885046
101101
245187
422832
3282
424200
812346
964287
37806
129138
763427
72074
271460
704400
556623
296448
406054
904317
935409
780276
785527
145738
603779
136406
700200
105667
403445
87414
386672
849985
684540
525682
478497
302165
227277
272372
85596
552941
365004
69682
913268
473577
617044
310349
994662
221685
180797
995386
750989
23360
853370
840808
284941
660401
885089
646532
442156
847547
199310
610213
361841
749005
889456
512285
610180
971948
25498
912418
7109
969482
627829
539753
423098
168598
413831
670710
835039
913181
559688
980907
831840
985921
525900
666396
535776
608900
663499
392770
33725
852737
661100
523333
766071
178912
607182
891032
388571
145595
558843
564113
480405
100476
50030
16377
825601
459219
875128
271508
196723
873905
879838
937100
215299
544325
44681
348517
416463
708312
734741
345387
177408
726568
382138
908872
544683
778163
965189
304374
375362
392619
59344
66809
95841
599371
853228
375478
967486
750187
228432
453745
628242
403162
906771
609368
872307
772512
852689
592539
195060
265018
993611
70040
792584
529468
591021
227606
594386
938062
568346
449914
463717
682844
444325
718926
853077
228199
465921
30548
374914
904210
590364
568042
547398
33746
929473
806165
484954
370983
933980
135247
737594
962817
910679
534098
442292
840985
579012
965510
804898
579886
424793
705303
93256
13708
491191
763413
388614
769085
285766
505701
462479
459906
829789
674984
780130
831955
784384
606861
717453
572216
22473
364681
6252
714611
791889
703216
961534
298551
479836
291155
411118
845855
324749
34990
798055
385549
930402
851073
810420
426696
503364
673809
489851
145123
136473
172742
517237
917950
519491
306497
795475
514672
486192
642491
774632
532546
988579
943754
71353
40693
714850
980890
63005
850401
920850
262539
621549
965229
746796
455646
334428
797339
917461
593359
231682
989869
750559
334479
773412
931096
27966
827941
941199
87487
549680
230879
474997
865442
983528
558113
205483
181607
764727
400095
613907
177184
949892
72676
263415
271064
31101
84610
405501
820376
922196
289495
859772
369053
482938
612806
219873
632621
533825
762160
445611
399202
272492
918400
196685
502206
708982
475476
11011
680096
875731
398239
665483
706068
641840
345287
455581
581680
354406
728128
157945
962502
15212
422446
853093
49803
114239
682432
93955
597740
661032
731479
165913
570960
817011
903823
790493
246640
901310
726630
317748
291394
764627
351593
840385
908113
88874
547076
972467
480510
380471
414129
439647
75805
967062
602867
13787
88212
208534
10155
68411
435403
402141
160895
684437
826351
869295
334541
66133
497061
120976
769406
182187
170509
165830
715232
988040
213850
85775
98576
768956
108596
326749
639653
759882
228757
983618
860236
860854
73328
386941
997177
243351
221278
108419
819870
754720
527660
121711
270602
368996
622349
120909
336960
30183
366041
642127
718663
786252
735370
35052
783629
341068
14985
860515
476767
960035
131329
25535
703657
95316
429316
219596
245403
754387
106898
41044
508130
427697
278424
994163
847077
651719
601037
253729
907596
404974
119882
872607
59480
474902
555772
282257
980848
437294
251953
337916
377404
425841
591825
424897
247866
970634
676527
841854
735186
237626
339963
822190
307365
199238
755826
333298
938824
532845
207245
682121
994461
208709
224166
127080
362852
526950
357621
557445
59714
323685
844695
78192
126498
64471
16454
552746
636136
697733
261287
655173
930520
106908
829050
721447
491438
965113
636017
408904
206253
307210
842269
192437
941655
519820
137828
577478
87109
25183
8561
809416
852672
641562
946404
253062
233832
425300
446973
298226
403444
263887
473059
763060
649970
582910
491458
250435
256542
598811
59297
860238
139336
933572
448995
650282
914267
142960
853278
983899
961943
979064
418568
493228
244640
434591
305748
425429
678479
671394
504602
662340
635352
331960
721273
759446
129493
752011
98332
916164
568163
482958
580967
401504
468722
871778
665283
928026
645178
321371
526964
849248
936922
292198
414098
769725
140957
174201
533758
229556
719381
75323
263109
566593
757208
226861
493738
838309
451504
608715
217245
346263
259075
867490
329900
883204
933047
816799
482701
69235
912197
616189
76330
918313
743990
149047
477219
404646
754467
149360
759409
217267
147669
183601
648258
893204
759303
504947
890336
397461
248306
423798
634064
576766
591233
583431
9303
213289
8570
825483
984133
784432
938871
206336
567172
642061
731835
727514
877503
887752
748422
901390
251084
439642
481829
228995
795276
707438
764747
168564
79371
941951
417757
523044
472501
334290
6495
651431
439088
700490
386825
695366
326018
733446
682104
782929
160566
505009
862878
886185
723872
720568
555648
565721
564822
158643
810403
138406
365341
656706
365458
544889
364910
117557
946861
497014
856144
577023
867434
500004
161162
517786
101972
166561
769043
762461
172524
86094
549706
193728
570270
498286
396408
108192
457308
759522
492150
546761
169622
684854
958928
661176
715840
207643
724453
804397
984880
451327
6143
802465
300678
260885
725954
737589
427872
355792
951961
558917
745729
448036
217779
160835
782848
642581
631341
217840
387555
215163
797379
833485
507484
610825
277175
527494
641644
476054
549811
55103
964822
345765
236339
44689
387280
204961
193651
458273
853719
282866
730093
146091
931870
136742
912899
167264
269774
954174
256753
695979
211213
19828
516070
416654
571122
665604
546342
907468
653093
280054
969683
963285
323821
527114
413996
484815
181914
605244
645741
314628
604668
908449
687633
60531
572658
812973
512914
136961
723686
314644
166071
913677
415738
637604
329552
951437
487923
918497
523242
73750
880534
980475
468487
645922
106955
814830
743988
449998
53629
448310
840978
63572
127482
548670
172701
155949
66956
944463
488890
952469
937954
802707
887520
736455
207921
987016
757437
134195
811762
834409
804046
674300
237196
322513
95303
219892
102483
991739
375677
997042
241196
902305
4234
438173
268103
17458
67385
674714
416262
229000
442964
723789
432241
72070
706376
141053
56264
83029
298076
367134
931818
724149
204833
364158
184401
476993
578846
424788
84763
750185
46590
374319
364115
720954
818934
557979
615355
306731
697647
263193
92248
406817
808511
405359
600091
850862
194
859249
318791
172617
225060
103698
179461
725770
259395
777770
502500
325636
62485
349633
192780
344650
110058
511753
710660
909958
707211
267166
847608
96961
724185
913738
242543
628460
666549
127899
770944
98097
668209
449210
399930
980143
864663
504315
547864
507697
366769
773093
74378
616795
915846
72061
20502
431634
876217
318325
739470
360124
380945
190615
193796
39051
660080
600214
323804
127028
581833
366919
600790
111467
575274
639747
675429
729006
971628
260251
926730
824250
65928
56945
141943
351630
537285
482051
336341
896865
350208
862894
675145
973992
414814
739187
417406
866084
791526
317404
947757
178093
391693
390085
356986
887394
109009
39452
907827
275753
789430
787157
323198
127199
599686
501973
406745
768641
773941
553231
513891
398304
349956
51969
869546
931361
370025
663494
380351
695192
844713
351176
350697
932789
318156
37531
862930
317806
778712
331446
4093
504463
80352
604317
557335
693383
316792
520088
864426
786129
326278
292174
743263
672905
120677
512277
502018
499072
734963
853095
300013
713857
684188
957622
680568
761242
666387
710241
676616
971499
951310
455893
624648
499054
462603
544828
850124
513427
457124
416524
504181
15727
109164
280930
163646
469761
313869
827003
282210
910336
997031
777267
988371
366414
894181
295733
895388
219299
473568
634307
94820
786574
330490
968891
347742
977914
994055
26779
43717
62014
618249
992188
482425
938550
465586
350009
962091
870380
380551
117924
253067
662446
705960
451939
606117
737195
375833
536950
651837
355852
5703
396924
801933
411119
451839
338271
468447
292874
308794
986906
784609
414230
796770
201678
700056
963387
223025
190696
999807
236878
729771
852029
272632
122652
741910
889429
203976
995867
395561
754601
272568
714510
506559
951430
911651
818507
881140
932557
230971
599727
970269
56108
721338
475262
949871
202075
810406
622603
641251
550994
125245
237136
774163
145171
866451
992932
11503
713109
533389
675304
248514
827886
939202
900277
635037
813039
871739
16576
638831
576996
31457
617169
20469
254319
337008
379920
277977
709575
259115
565117
516123
400317
449321
92609
762440
725685
138447
983582
633270
810494
728498
734823
452222
736119
417360
655668
188383
225197
252480
153578
883171
320062
892779
696511
552129
587073
213184
480043
759566
952106
714579
547503
49345
849285
783674
253824
377902
269683
819010
530735
313447
872893
507370
238952
459059
131619
102182
562282
289469
949011
293304
441288
409100
26646
710976
347776
148813
376895
801856
746430
311997
686602
84306
678184
856238
908765
309810
484956
559144
744777
131558
48683
664290
338833
654904
537190
19635
369906
816561
985633
634843
592484
568308
932558
673664
26865
912881
118673
169809
630288
376483
429117
305084
966054
235078
272753
534385
149056
52067
367227
410221
614035
889562
657434
466705
684887
274510
76369
138563
87918
187770
696843
390006
41318
362311
429221
534681
689382
582426
964044
904188
643248
481521
190206
936328
750236
829560
646340
94579
814823
809928
675129
221610
114499
517141
627458
681849
350217
727215
884270
464103
97606
83031
270858
55670
362443
393810
558327
44301
890064
630106
804150
418803
38139
776510
321662
848829
255825
472204
109651
689478
436571
409086
212185
347665
645219
355037
982000
198373
478149
841783
746307
341553
570167
277783
70077
683804
855526
162202
898355
965805
986232
936643
527557
727049
668922
448881
773964
459247
512533
23684
454509
472308
922106
219708
318766
22657
782667
310324
116811
785478
76650
300925
131715
543526
614087
812366
970504
429338
580783
827524
898319
912768
815695
330113
959327
989853
981127
102547
312078
12161
740502
935930
677061
732914
589304
642950
246425
950669
20866
273078
844414
214410
754378
297820
945803
886982
881573
544553
489170
305283
818610
148766
46266
115365
430968
411416
271837
952566
668391
672322
641428
992846
463372
45149
807835
429533
671811
11924
637557
186207
946603
569560
792957
590543
356651
326448
865440
949237
599826
72133
953355
238385
885115
514042
680332
417744
50795
110710
521505
327476
452931
185769
234562
193983
776549
274091
894575
903305
511477
978536
889228
141483
562149
189334
108673
520553
3108
869208
554047
496994
180390
367068
529972
918840
92015
395947
882868
422715
334496
495478
435635
440079
364794
906890
601781
33494
135505
509023
421962
123062
804908
392916
864863
259218
793417
317568
183880
528890
559237
999234
993120
232051
714355
455113
223374
259726
459896
114076
23521
824640
410921
855732
360548
484660
894937
820807
776789
465066
667683
672808
570081
489249
53103
902390
954855
575514
719873
554427
382280
653254
31980
528217
720188
173183
954648
865753
62547
161632
941226
958002
365361
265632
433472
297722
78019
89187
33060
362939
207379
808400
163413
660061
364489
59037
219256
263379
972035
363472
388956
617737
302449
477939
131795
631757
620605
347807
787122
77731
704646
434369
458156
871020
432770
53347
882758
18682
274099
338749
341827
71879
992971
501968
528575
324917
619964
245774
795557
880261
765608
396417
241551
491474
260447
690216
7716
556183
363509
914675
157958
440247
101921
492493
797333
862441
89169
990558
566113
825544
910649
769957
235855
690257
153532
861756
596849
758735
12730
596623
27181
257807
968391
960522
774784
955262
925227
866958
345825
739867
473992
349922
813972
585230
420295
27734
953564
599572
507239
461674
420237
252297
155779
713711
241504
692708
160028
461042
922718
347173
185643
770407
128251
671852
741014
24584
780178
507190
162104
173657
244770
78801
614449
364190
629957
590774
389420
175012
19202
719354
677047
755746
191532
474044
512859
716521
936010
199568
261009
461248
257207
846582
905244
250602
731817
979397
983863
573040
841545
700242
25316
809169
694400
84460
669749
91494
298169
295593
656182
499382
882854
650058
370020
371023
529148
480695
182442
297198
92434
171113
457596
271816
917904
198049
956516
178975
35719
33224
83479
472772
36091
412911
244932
473913
568595
961532
952648
866724
959683
139954
818154
123468
366902
145244
981389
819124
873743
776363
523681
540096
338074
653970
374063
57828
887778
647275
614043
527286
933480
774321
379933
415838
364480
103448
677007
239314
867474
379273
789107
533018
105342
102930
695447
571894
600928
637915
913370
348257
725287
347479
634785
693843
868348
605596
659215
566281
154689
336497
153526
306163
921913
755259
692433
239793
750364
346180
189322
448189
707943
153518
537615
604953
539078
177584
743361
809373
554410
620888
352804
2683
756045
296331
679954
507041
861602
553196
503955
32132
401666
499103
987389
922095
844299
859144
773807
269657
638534
138509
427779
845683
404903
724468
739164
854699
153141
337342
227865
199710
812018
447396
151758
327668
451287
933324
853349
54585
576904
260997
393813
416322
252576
485697
783273
479086
925277
40249
990894
940032
118855
923337
502767
582123
411183
794454
355402
557097
610293
954840
727466
709231
81163
771029
408630
410603
301099
386326
18660
331855
28508
823468
654763
686504
561278
604826
588625
207097
441177
15408
680633
571844
96944
899390
325242
574099
654544
244373
777742
419681
119736
311954
400425
763103
225390
238778
504829
439650
133939
471061
829258
247969
751449
669578
788186
381393
801905
713559
445490
11462
444266
662016
376221
62438
520024
289298
318258
316945
613408
629501
401508
115883
397195
345492
860159
801392
544195
907664
6473
340885
921400
738048
808844
536701
9718
161046
446687
40244
438992
876688
557079
759447
460890
156423
365291
423530
225751
910708
549439
317982
768534
905423
357319
717085
116755
598471
171165
12598
565206
861594
834612
276345
196943
839182
310175
459645
561131
989487
64442
605039
880397
145699
838904
531852
117532
96605
346350
495444
847417
44119
749206
687053
346655
429153
235010
690282
660156
391682
736571
494846
750562
93763
846199
417022
160385
404858
550834
725368
204901
844347
37877
21107
119147
892583
589800
996179
41331
482538
84233
82524
212527
566867
44041
491202
301436
943184
191929
406447
860136
249823
763399
642428
986453
544836
561265
422320
232913
380029
235445
393029
1032
202769
252049
757161
384937
462553
397331
379110
379936
466082
970205
194662
617636
392988
13188
611390
627650
486832
112976
490499
987312
425339
187948
263373
855860
262281
712176
997845
99877
744535
951521
570018
768668
638283
636205
974531
783328
859616
848766
513645
684526
782421
878346
81577
596679
745104
465687
391148
295567
991559
435742
572046
721316
681246
284911
614991
155476
669760
813053
829109
636625
907112
307141
338954
615988
498931
406980
947467
484404
982423
517741
582458
357335
178423
487270
583167
78324
570862
138312
382820
499499
151101
221389
510501
768277
937816
973577
983357
209213
820576
720620
648509
292456
277202
777542
536432
919840
554436
415481
629547
529847
240603
825905
322055
836438
140626
720756
754420
374087
50143
469207
536632
846517
928280
19810
373410
561955
186229
282173
314001
245573
665643
693675
773610
648783
132751
984120
732573
287698
912475
741839
168964
700659
818456
265156
860350
88194
892299
948383
212287
297833
740979
172120
456786
259054
797790
771651
848198
390407
89696
173075
356942
270497
391183
636550
91231
522711
583956
996092
113733
371817
679856
536528
979850
448352
368925
293856
68920
976457
424949
401736
295706
666492
117812
47756
765916
245351
392758
314657
469210
629127
946987
157020
509596
14494
293688
153753
106696
568471
224114
502856
237812
637069
308318
244674
412387
946974
496363
878802
444688
836824
145512
665059
525241
174888
669614
495197
725130
825895
259962
685425
819174
431793
949569
238781
241160
607648
441471
672565
742756
269641
87415
237617
196413
106848
85703
11406
13785
710019
869974
988114
107847
461148
440364
179636
864647
486944
708688
638748
861836
345019
997074
914393
174193
413011
869442
346547
997902
863149
964178
236009
893329
44891
828293
346822
610490
808320
107149
560305
469835
469691
620579
816486
850967
636406
214971
45338
434414
994897
948238
670742
380576
264813
997962
293760
915695
671971
619060
465547
789105
755410
996737
688228
610733
210029
650756
417520
787224
767375
822277
794244
812493
98227
736681
934687
329815
662545
144190
987582
143747
431909
740939
639231
812038
93431
662349
227834
294434
157164
329219
514749
579338
760306
455760
470624
44057
454591
102793
800870
844535
168551
68816
18199
276858
683468
815902
152617
78117
951652
925959
329548
46823
681875
943140
839928
287969
844488
332446
97588
400618
931813
965665
353523
929798
110875
161765
707743
522403
746160
293385
479498
748926
660237
603197
7582
448308
141752
819960
279435
712130
881091
3214
547844
222698
81283
116615
683462
476958
185952
641967
298311
452152
104431
99754
219505
805163
772593
27719
336905
419618
594736
725319
315654
904433
854532
524142
102910
598409
459501
658400
330270
531375
125440
795677
972912
379692
706682
176717
95027
237528
724313
432836
388449
942988
662580
932481
75626
692589
954130
712242
446814
692564
317359
632838
199025
961233
532905
91607
114252
101416
273372
110046
437468
161985
424988
405983
85088
721100
111089
427416
619060
632179
832522
76028
20723
729339
358799
175396
263353
150294
413449
161416
830192
28815
788043
630395
36888
1463
736599
798456
406779
551533
594771
759602
900790
26046
112640
276176
666955
290301
416852
930251
664561
419751
865875
230293
306363
629016
721998
209094
519215
353852
116669
393065
720628
433744
841985
321662
801383
133408
478769
418064
948813
731111
447773
900944
706092
116231
243460
941945
633129
343120
875893
74974
299202
912876
14256
431212
389390
645955
289589
742582
564297
253661
628847
287296
941806
306470
662542
702567
541456
920414
199760
916587
415876
347225
461323
618067
48035
471256
506038
600394
328589
278808
117858
254654
575651
616074
540546
83366
610336
873839
428568
77864
540562
166795
160504
234564
677560
138365
405092
834517
484506
755768
888908
874539
302016
400554
305774
157473
494987
767973
535050
707899
517416
136640
535274
952712
273512
695809
476957
494019
200217
729157
394087
465500
14009
382519
140388
242
963118
494506
660583
262071
740540
317820
529093
915275
783358
788265
168446
774789
360830
394291
433881
874329
737238
809291
219757
84048
172098
608704
126707
600087
673462
180171
877814
959058
273689
910020
656977
703829
36491
869514
188172
835538
732026
379640
158716
470143
77952
146884
432449
149660
719255
114936
826492
895950
689680
180359
23821
740111
883671
703180
234225
989324
646434
356152
658225
380478
580618
268394
229151
554935
377912
164967
590231
639858
655373
430811
857449
232053
477577
597698
911710
15308
492740
851345
499986
616786
142846
738858
446414
377569
707136
101657
562461
922230
460394
726259
144130
702004
862789
771873
724739
213231
679848
888790
359003
311710
607164
560911
32193
988245
477320
160237
883061
806804
680679
659556
985679
459283
140631
526009
236711
485031
990673
216618
537112
181791
299381
174587
955733
275100
573286
263239
631140
233729
302477
91944
915978
668078
77166
674757
284173
769759
70683
260725
160122
637020
494289
532742
857635
513149
222572
507226
407744
414394
130303
247889
725674
183782
907328
170413
997272
677402
987574
868776
62888
238075
632871
858009
568932
419179
802662
406469
869031
365630
974676
37254
184615
516711
504031
837132
952642
901078
253969
496362
689367
529690
183731
11115
281867
756311
661870
362171
595519
887948
466086
221199
500260
442602
944231
675168
536429
368222
525658
251775
251701
480815
551751
391415
397330
659936
325393
420550
277034
171416
295412
8211
468343
506390
288994
63096
747910
660313
734195
695756
291124
296729
224607
507354
178476
780974
432935
300458
648847
529255
615910
56484
125325
551530
678692
168177
547914
13305
364054
146283
720166
150579
364257
728608
646819
426578
848884
316083
895292
673248
889943
319301
402179
352076
917
666131
589291
414945
362095
932304
973658
269913
888184
994567
251899
394977
676541
298797
183153
417979
712644
388888
532268
230054
895717
507452
917330
556150
309305
821775
401005
911702
470029
196315
819674
920118
494249
265196
908145
294204
648218
618892
498885
510747
25233
327239
797794
95832
874764
409766
779389
168408
476330
486446
992776
575001
877861
653024
419128
54730
222355
941414
351948
753658
283229
812630
15580
516101
653747
906778
15313
799097
513507
15709
223010
939538
605690
274111
40183
241814
323715
464219
372269
327084
574667
695351
688030
940169
892622
470936
339252
914487
542867
961589
110016
467869
271281
277951
73671
68364
841325
555040
351530
349569
581574
114741
537312
857281
32108
317530
853985
756869
675715
682235
48049
484232
422666
665000
782691
715316
330606
466646
792308
574522
645666
520439
648962
474145
714311
394749
645623
166217
142606
817151
893873
892660
293815
964638
310184
618351
189795
30368
738108
624838
448640
862691
527897
821223
785458
560169
728885
654827
461948
661248
136628
238751
31335
187952
130285
124757
405516
31801
272148
502293
744628
575050
553623
5325
489562
69773
683378
542374
609264
263770
581004
813803
572396
123721
960904
448493
650192
144007
557308
47845
693621
54263
303494
723646
972557
996388
382990
86474
315306
74178
482859
746247
278297
58773
334046
909105
444434
17455
647538
937821
629332
750710
387242
424333
63010
683749
843745
542070
912113
611259
47940
750356
94786
641022
542148
733770
120629
803128
623737
456645
613910
936915
602236
601673
574055
416233
838330
315662
85835
140233
907492
507641
173266
799862
162156
498354
414456
911366
770112
282159
366145
815264
801248
645066
955070
794246
483354
141700
264781
166023
876729
321477
993916
525421
52367
57535
844141
340551
701458
995438
649123
266074
592898
85687
71240
360399
665734
403453
251859
163916
737343
292403
153918
40487
507760
152147
822840
490992
56837
912809
239709
977717
856651
184621
513970
443757
370795
978952
649281
621553
898885
760772
67801
447529
119945
539746
955551
65250
710462
616980
358759
661535
965379
308796
641080
595513
114051
2761
648048
741050
224902
312319
576784
929120
593565
792188
872272
766948
624089
57942
904611
636618
932279
264917
996400
65573
459709
134728
105405
97421
227941
204079
260475
903629
342651
457852
486158
926520
35256
170453
834560
570137
16640
61806
874277
255246
416847
95102
146531
979800
264277
948106
171812
684287
862688
739124
477304
136016
819742
563244
777712
516733
34598
341482
45823
638074
376800
185393
107463
993374
316139
991655
677894
579098
81666
701477
554497
569138
585412
999894
536743
937257
465044
672497
31585
284672
115325
391833
534629
227595
215959
872799
539505
807300
122428
908774
939224
69985
250657
37890
563202
261226
69988
299184
445342
126058
965400
120366
427262
502167
80927
791815
535663
624884
374185
236035
473220
207162
106622
14535
100567
794846
66180
659934
660351
920681
55978
183782
775827
638063
771856
549369
840341
639813
707579
979987
129081
809623
653254
536102
830082
421311
1187
157075
527873
186019
387472
60231
864446
135978
854901
964797
800855
68280
531996
278663
803777
642776
805977
716263
799350
746827
282956
398841
658292
616896
808527
364730
936626
561924
752838
262887
588447
437773
740300
311058
223791
348105
646880
39358
249410
721096
563139
708901
990051
622326
876987
321671
198514
179576
7026
996192
136618
307659
257611
666776
67823
364479
411192
900218
620378
830928
843504
619836
868638
622712
663246
626193
349878
79336
868789
99914
827318
640942
175989
661109
72564
890972
659703
341087
99911
453917
716344
48567
71342
552187
153720
895967
200115
751571
349159
796681
497419
248054
96166
672068
750713
216695
96094
963338
308661
84516
66639
394322
894920
754662
71955
788904
475467
86088
604535
273526
111448
681150
5057
70788
963004
769487
31989
241332
42400
829608
838105
808674
273330
260296
871183
818041
964523
887643
399929
533932
160470
840219
454163
803420
844347
521170
864710
852078
46481
694509
987269
823948
505297
291617
89773
568319
456195
262214
690637
704430
627734
776956
189851
855122
407982
49906
744348
943631
115388
346144
927048
550387
892553
166043
892960
57810
274587
656233
953876
447459
978763
472581
70645
821251
80001
122556
342193
900084
883823
938612
489216
515429
145865
573260
970020
293803
262704
255136
457728
817015
57407
367971
697179
841307
856794
124080
639847
778590
548136
52460
281826
910429
559905
835285
214512
890383
636499
266634
671877
650748
937985
409403
354344
265527
514690
978750
273795
214265
815042
385631
862038
943951
761272
74457
407366
682138
924463
439
109859
673676
702505
638813
787482
987236
857140
795716
80065
105759
392979
530108
136994
930990
829105
209485
368357
757671
82189
423940
165191
871976
502156
470164
95834
961497
543974
254649
935583
254815
340516
218243
646817
313281
109672
681296
317594
786224
891830
74467
729036
43956
751265
330098
593625
55490
772583
81794
501251
129005
24921
551415
943539
952102
360002
813784
275839
113345
150905
396031
874589
647935
1725
508959
993075
342664
14426
17417
122646
405891
621598
771815
656364
434645
136568
613466
654948
161207
721139
815132
770008
815854
907233
25251
925597
210553
470209
447238
467210
703338
656948
711804
731932
531368
896318
109833
756919
746777
398408
933376
77211
642256
89560
106397
164415
338738
119071
454261
987511
253225
514927
813781
785823
777478
465926
908895
155013
949898
304519
492198
553543
468609
331822
846821
663040
302665
962594
656972
535062
242524
521258
176147
543132
59727
286794
129677
709303
790840
980405
9020
36164
24674
569289
619594
883598
903956
924542
71186
633339
758546
750882
869794
607637
521760
287356
999743
945674
240728
521369
856157
557682
239094
311896
339670
639609
149574
1837
980613
927691
567525
405052
169680
695145
838011
447213
131590
838048
735184
262096
288968
762934
763270
538675
956701
190183
129700
894871
114385
387118
80741
235185
414234
564294
327298
416733
437681
607180
120190
107247
506148
764878
867783
588239
304400
578114
165492
806555
716704
553245
642088
346614
460837
661819
298795
654431
683942
657415
453572
465572
234397
868313
325445
305152
865186
876787
442440
463440
568682
438397
221102
896452
812704
576906
382861
555441
986784
432057
190766
189152
798258
835249
221006
58087
680563
22910
265550
443575
968966
961860
175154
849586
210383
977573
797302
826788
489311
6887
803875
290362
764382
58679
898898
374983
402653
357827
171933
496289
867690
986632
512339
452284
607149
348986
10827
866660
207285
367933
240748
252729
362691
175116
60568
510054
159085
592243
957416
784373
731879
429913
927647
383280
950043
318219
804558
573692
243499
163912
658977
942907
815619
163630
603689
784766
567742
392378
523440
234727
25222
451903
837504
184194
389469
99837
82446
40972
280892
717760
718756
291219
230260
879308
887428
215558
366922
59193
213322
886535
745713
756933
758983
884087
905129
890964
130027
53894
930530
54457
923464
797122
965589
85705
837084
677092
52938
747547
348365
932822
86542
649661
4788
457260
552694
804246
45037
565539
334944
89864
22445
732595
642619
855082
535656
69264
396082
670414
566729
965848
392449
523010
967037
424542
371255
458538
24327
841520
391863
772819
847430
363445
25811
621441
22590
123434
828024
406349
812011
934027
668400
899573
610306
663067
241548
782114
429354
674996
669795
664570
385177
416550
191673
554588
482657
549655
466625
328065
538861
540479
984892
890666
728392
677747
470452
885432
53815
773104
519456
520330
637605
176032
737133
236889
883982
129433
165105
266885
38392
347289
993293
671525
878270
646273
600031
298494
585240
875537
276572
833915
107115
136825
98997
238299
297928
809706
5307
159118
862003
992599
482370
308550
99253
976291
626597
580948
279146
581351
467792
984585
838965
645329
933322
257259
143184
634326
430933
21093
515100
419387
838094
347763
481390
918820
973148
998817
638221
186959
133110
458375
776646
282186
70798
502124
608236
219904
778623
389085
469626
199648
570708
893166
816738
287147
258669
88046
616994
889212
681862
389907
765702
921616
65585
447638
6921
772834
749637
748281
885696
491717
139006
101537
356036
198849
480852
616630
321408
555451
675756
658494
611371
392965
928902
449417
583917
903595
113221
79599
910767
186012
659724
797440
720945
940280
441985
264594
501765
559190
603578
759823
8733
740400
611694
889401
546773
949615
269856
152777
820002
862218
808044
526001
30962
464013
917647
622998
576025
286651
113106
820796
374639
580418
400301
942577
132989
362449
825522
839652
289825
120711
19542
6901
294732
722537
904013
992390
358838
189334
62497
984146
11313
235855
864779
127929
801198
430741
825762
592479
107904
597864
403269
898400
251589
334212
470656
622831
298995
699847
882876
545856
384319
229874
57741
251817
77281
615452
97730
69689
251615
827477
196910
932259
578879
165756
747725
40307
627887
558164
628687
847239
769496
67261
55942
368400
591845
458762
984092
31442
912437
482113
995917
231539
993950
983939
511112
124480
730626
600954
426596
706996
792375
150377
209469
315771
494213
2329
915769
277672
427092
714969
191430
708912
407711
93046
747010
900191
841361
260250
616485
213139
816943
202166
995264
678436
737062
553803
99130
767068
936261
503627
920475
345620
397338
526748
681931
703367
118057
713968
452001
571039
570827
383935
795337
426288
706263
659681
808719
426
716669
668314
256873
32551
484072
107437
620919
285998
761766
634745
360323
604728
494231
931734
578381
307081
458610
165032
538600
758632
420053
113040
686510
134275
367776
614811
502483
829233
784543
483592
619240
164632
252824
176359
901028
829314
390154
136105
83459
337802
958315
880834
443589
323857
817306
899674
577081
112725
942696
5446
171687
801185
490532
353712
241340
683872
294588
624632
664865
443400
326998
112985
643386
39666
675529
617912
772196
135319
309681
820351
827249
49107
145228
829415
928742
883678
906508
746014
622290
625528
537330
522290
766786
384825
887816
706008
630849
189792
962043
552933
194063
224692
402015
830135
169350
883492
591051
920901
194060
873890
193103
97685
180749
131243
432852
274403
646676
421822
416666
405681
873054
292303
378379
100962
136478
890599
132562
483493
399137
597356
909511
481154
190970
561320
49842
996322
276476
435322
221469
176594
528193
175982
832433
804598
167913
305270
624196
913605
453750
199765
424207
477461
853628
118660
279794
643114
680116
571106
565895
495506
367602
915463
548708
902865
525826
35348
649599
335875
269221
880424
924716
925935
758871
524229
148300
766896
163426
795174
656935
758386
456712
195854
836563
372325
945796
975645
66908
100795
472618
904635
559264
586148
681365
121560
905373
235439
600104
674580
338199
646120
561547
915402
673333
169540
835472
680848
265532
193491
557699
889867
113762
493812
681165
91030
343873
14857
900021
341959
783033
684455
192010
501347
236231
129375
257220
169426
975257
390121
922535
929484
460626
598065
459673
28979
999412
481268
349265
368663
40451
205390
27485
813766
78790
972573
621964
107213
30226
218119
778128
726665
529124
877011
78955
878623
277046
650081
846278
984324
389789
589103
595790
546051
939019
300176
520996
82431
592069
764407
485797
492838
588128
404139
665023
97959
492429
802315
355366
469699
359638
345961
903632
26894
122679
235202
918850
75549
861945
745954
540453
346917
828892
692820
150460
906725
759134
150105
231784
378362
137723
851976
846126
300460
559080
273909
99597
272035
994804
471636
375991
856267
282571
868168
919273
386403
119342
191547
577744
725350
324513
503761
921249
345848
822029
705791
699806
624047
19284
914262
110513
308790
834176
34942
655900
604407
69465
990615
510226
234602
350410
39688
192741
320428
206578
697515
790911
914178
763575
434775
713950
780226
9080
244630
543002
664310
413148
290740
575104
10021
345065
829904
548581
692211
395896
809385
197313
525462
287973
436136
984444
757474
424560
631977
646891
860128
587252
80622
219996
200986
914618
146747
613360
926171
583184
380500
3491
456641
451166
842447
14880
826242
366578
958176
361842
968699
539241
938100
509287
408954
310322
604276
612596
424560
5775
62903
77826
496985
546958
833570
691835
693059
785552
244380
973950
947792
710378
637844
20777
560252
969996
927867
85285
523439
238572
155507
361958
128548
483513
328419
562633
171499
762009
171473
746041
408843
970789
632457
376438
949106
628144
884329
634610
863737
510005
984520
326620
67763
283496
960392
883989
22189
212553
945942
386446
338275
96257
620125
647802
577486
582424
715905
175593
953272
667705
622318
862664
691650
178853
493405
41532
601491
675047
260932
813693
929491
549910
241022
788355
62087
82638
499075
872687
206295
52337
273596
343628
805551
272557
965033
355037
849875
233738
834304
128831
857706
943247
771172
764138
963590
474803
538910
45914
163993
543640
248909
636031
435142
501555
254613
139052
113938
77276
354147
384629
185839
792293
843319
925466
878512
65089
168950
948561
552707
441180
372799
380451
704191
969596
627705
536992
278048
625714
530130
183591
100301
872504
968000
594350
879529
672891
586122
630266
331510
34919
530394
595522
955773
496200
226834
822676
800618
70365
649132
390096
290052
74437
510821
538219
396115
103558
127809
930692
733493
340085
589490
517865
910447
692281
585648
102666
951929
947499
503127
893344
83918
134022
314027
950969
480285
515018
918956
569295
55001
294706
246322
109376
438603
207941
310301
164703
163644
542478
637598
587675
937672
937628
109870
406019
9195
385371
745476
818996
310270
689185
894131
705393
480381
329983
566751
901826
546823
691254
994936
168134
341920
635877
154688
88031
55348
427616
364542
143858
14509
543722
960524
225894
255255
990301
194449
291003
702854
187972
937810
142950
119754
996168
334605
13528
545344
855300
302041
972205
898859
721404
820825
967165
718070
713724
2996
905517
533390
711816
594679
602582
70515
262897
260015
576196
621842
539782
355915
986308
634812
616539
126713
491192
158983
512021
251691
635225
110345
479218
236246
47092
195422
115599
177469
712292
854512
806668
890982
282201
581980
202956
119424
644762
119652
782104
465972
659471
974403
912708
678345
178083
746919
768545
392398
82849
309301
956487
907221
553529
538387
385053
762563
719529
222875
495217
350513
214599
567294
777517
151118
241088
919393
784931
241509
24952
903052
335794
31235
427569
104082
572694
113449
135634
209613
492735
89790
434825
20366
732758
219723
889156
726691
411020
81207
375518
91946
622917
506295
652326
398152
395877
233369
285194
710132
600462
522106
823703
838315
174583
671232
233548
438180
171320
505617
618539
267704
50764
761821
8062
876974
259798
202540
56689
114978
447831
873179
375274
803077
965772
165581
484967
419147
455370
332266
125093
974286
86357
767330
325216
185687
458774
368772
224436
459605
491330
646012
114693
567015
84939
597691
974756
362963
357666
104023
661711
498972
831941
846042
849939
740591
205143
176537
170779
702273
182432
950411
564350
594488
265993
969436
249250
541240
517566
909824
41772
741148
375933
48447
819825
32089
632019
514275
426306
227686
646185
993439
273305
444724
135676
993119
469002
906307
3346
593063
802382
206348
678035
140541
689005
905980
210678
390566
260635
158026
124770
568671
189347
758015
882825
8608
333502
920821
928236
195477
39807
110613
261422
257829
82586
702723
979312
254887
197474
789223
710271
621275
32312
723882
849312
28580
580091
315142
855189
976894
966406
389067
575082
772215
968788
18784
930829
298647
76351
635544
15903
876040
169411
865791
209530
389568
841342
278730
114829
546744
506410
27120
396911
140599
772536
81535
573177
151724
758801
737140
142584
975065
157858
377359
362379
497056
90830
491467
101671
939721
581483
822459
924911
74370
351338
220212
973083
179325
450209
12353
904220
624539
614826
591974
379373
557880
128909
701369
73729
720190
521387
834309
782785
513571
444503
580248
470371
649070
859720
221179
554198
305243
77962
36849
298774
893232
719011
264538
975768
413721
659326
717406
373858
815634
851135
874053
912169
621173
952944
362321
392373
638327
627347
204279
930646
247813
120043
13934
43258
311793
978922
538490
188737
230835
728546
209065
190054
496301
665087
659648
245251
69846
752047
408999
703707
361552
241773
120846
906976
965606
777782
366371
984196
80251
505501
539904
947746
455087
938368
672055
157477
822416
312059
124533
657205
922478
946638
833878
742262
671921
840489
634265
518126
510152
143984
440015
788626
248535
831882
459209
710576
279720
286653
403049
464579
159070
248817
403700
437372
850164
490376
56371
957543
373967
329989
347414
192432
895229
741213
394524
858052
864623
413769
659342
705465
245571
412778
671111
919225
242801
899462
953612
736001
167937
307922
401818
681770
731420
572861
826326
927271
179339
746339
960507
70999
184230
135036
841242
630767
698698
30256
772346
249511
351682
710776
248471
335220
253193
867254
956413
292360
744860
668501
147294
731748
656830
690022
25940
343006
550289
216425
671124
338886
913654
212266
38278
958636
3095
187722
464991
958996
49420
744756
417305
534755
839708
651084
241058
95951
152132
197614
404975
725012
541965
800728
738440
481066
758223
502739
15564
265770
267921
74075
970812
818702
707772
672670
524448
391832
116606
903519
496452
461251
374102
257873
689376
652588
777186
156296
718644
573750
618574
457034
167613
972033
42416
182575
884728
121706
939128
540568
324097
169094
205301
360158
467966
983544
628603
228369
192964
149519
872441
122737
533612
28899
578594
362999
489439
295950
101965
645125
534683
823831
598586
100452
618120
524828
717837
603289
114054
120957
983060
776815
36390
923891
531815
636011
644928
148216
787083
817655
893393
869675
585328
324834
595356
682341
581475
145949
855671
968643
414960
312872
543256
703253
318227
105646
451807
346466
802574
153293
413855
1338
165016
657965
443487
542715
971025
764771
670966
504933
481193
744661
844810
588806
703322
66233
739113
732022
785691
240169
224697
357797
707903
313482
798774
947256
955261
575479
123561
104298
177659
146972
693338
199441
327013
811451
25875
464306
359075
924654
96209
587372
838385
972133
117659
897476
688684
232651
230030
980014
500886
651495
644790
857215
108506
726816
743554
371909
916652
95030
820936
807125
861971
554163
352267
540300
2233
602678
724344
75840
45543
309253
591417
745588
291504
72697
122608
32391
339254
149771
141042
417906
617858
496816
321369
532676
694661
221254
640201
138051
326116
49662
55617
420531
338942
843708
508534
456597
159143
158120
209250
895239
83535
361876
761335
945337
305784
707731
265883
144836
141860
973876
163374
643105
443351
928841
491788
35794
658033
633309
957827
594640
730513
304919
750556
703001
135898
573744
553040
936629
672323
612736
939477
438501
180037
535979
847823
364940
205218
687572
611312
34404
566518
532491
938512
201842
228493
346347
113206
740868
313309
786133
986201
524851
881129
546187
175577
569993
827144
154495
741551
823156
319658
846068
479524
716324
713104
25092
605930
941613
345966
485346
729115
897753
469228
446289
335902
526212
422515
519115
144360
506959
735062
123569
688540
87300
868465
921236
777459
834481
520219
951422
945128
983653
638336
267722
901433
919396
687394
297863
227962
743363
187743
229345
18287
236419
666407
205924
128105
730188
742756
276761
554740
279941
849617
184027
152619
653108
645256
748985
746689
959395
718928
209171
6134
518130
775125
167348
858562
132294
809837
37821
125237
82975
101255
238199
96826
286037
391268
757144
245375
124872
252996
918435
719633
411345
311146
920257
843184
326421
943014
450407
381943
343888
886398
818169
296337
351892
317358
271275
999339
213907
592948
536813
359292
297186
590369
168607
260018
724881
603520
105696
62122
875571
484226
986582
762456
639827
705899
171060
799608
679423
398311
891867
71841
509299
816950
74447
257200
172723
257112
342362
539974
592196
479953
832188
996424
992414
398422
73158
86284
985156
947150
23190
574666
874395
800501
106517
325788
629411
950387
416988
481346
288037
444363
294689
877672
174850
802714
601289
765127
757841
390289
754678
37145
185396
9926
49728
519149
831966
46196
777208
672384
833814
648210
177966
577883
4116
786764
124228
584959
932072
632091
248976
862435
318250
768865
895373
70777
740248
635516
510176
476236
28752
318472
3964
340378
943699
288930
776941
371522
543844
372014
176672
828678
484576
130857
753694
707763
648983
737895
781498
85756
770406
524568
924879
893117
225978
595750
888427
589202
200745
64624
573269
867348
600174
637815
577072
162455
788990
863285
409296
741655
607839
744323
93105
688836
317731
425919
364642
948616
981984
927160
574910
658819
337095
212679
203015
992798
145248
367225
114105
753898
47371
899231
540686
892398
670360
874030
138778
258580
396549
872252
479648
555701
332257
817482
241611
797350
506895
159664
412516
495141
153364
392273
456700
62715
441083
553612
628292
771180
552214
298738
923896
285657
106567
514235
187802
486124
64038
365225
921796
605751
946192
350718
23641
669706
574158
541804
39465
326541
695635
634023
308423
907627
709488
208406
491734
930294
437726
714340
148442
955838
276636
862117
531458
533006
292112
25156
342818
160268
353437
24149
43924
914007
524524
117503
551618
270628
951458
294351
652511
956056
621507
467094
671742
727506
976777
30653
989974
982984
298937
693605
289973
123730
252505
472741
427771
687327
447151
779161
113820
99869
73074
27642
678482
919290
293182
246748
263839
421902
39154
171627
856345
469189
127952
288771
312564
767062
693457
162719
857112
761644
920303
600296
544860
407299
984973
509486
184075
126341
279345
25155
274423
336909
537310
256496
164449
427830
783023
717201
743033
301049
90778
755093
642447
681978
229347
720854
937064
344227
666902
469699
729511
236664
750708
852431
387157
65730
765914
903643
64490
505167
53765
165714
689185
359020
601801
340322
222081
467620
257342
82290
865441
519683
854027
761250
982808
805347
490513
19046
445559
392613
825377
391499
119513
388701
40315
17225
131056
485617
261713
718315
521544
505745
61649
238326
160199
54363
637814
977938
856723
246497
766500
684447
75281
606055
493668
951916
215726
506035
957278
571161
307368
704587
825037
729207
318492
736001
854701
877984
418634
250875
283373
24902
458599
935510
93701
977917
364208
433857
117368
875815
728897
38830
647153
407918
837615
96717
338406
716240
952542
235034
258388
640313
671984
961432
70101
645183
210732
994692
57889
4503
496938
312115
100086
482091
532094
472268
886042
556772
436584
138965
190982
347309
514823
872573
85702
298498
115109
498249
82373
44096
272001
822781
501450
240992
150750
188560
542491
705560
403141
518963
328548
531637
151381
837475
215392
232881
607798
493030
341116
86887
645821
323946
253421
234808
486924
21203
885719
650637
460685
233014
542655
272823
426951
601188
728860
716998
107943
863436
939440
236709
389638
10889
546034
319682
912300
365214
498994
599216
85976
869432
661947
392684
856237
22782
359122
743448
402583
958245
56813
331671
276404
88398
435471
380956
591318
156059
929435
925379
296440
109754
921973
39213
198278
114767
862228
825492
976207
853326
175487
339663
545860
945885
999813
836616
434100
413100
301592
276010
143190
562270
83143
832563
280198
501687
387635
317603
433542
236287
730183
382417
93133
27754
305037
870602
448571
907249
762300
492568
721669
851272
631540
442747
794870
313023
339513
840867
623204
57295
992603
386984
630951
74610
659605
412378
616994
443528
952250
713096
643374
688130
552147
453522
200013
429729
767561
972102
402415
770385
112590
245117
754482
822656
400128
477309
795019
104615
278691
673788
785205
760448
491779
498648
232603
809677
856841
492318
923976
150172
996640
822095
891218
708723
443319
450548
40296
491580
40188
700417
63274
57841
673347
835866
9368
228132
112888
391370
204668
299366
867823
748684
516008
643388
524013
468294
841766
868840
665257
802386
118582
139175
583362
410702
871600
401621
874559
794951
489584
919479
74485
8786
579083
394838
438902
743945
340290
816975
253449
907521
602895
749549
819479
792605
783204
313407
89587
652454
221149
602003
502553
953635
195979
280570
505775
537941
456979
261632
649709
990918
634360
123181
941084
122299
485789
599555
49746
737797
345596
636182
380481
595908
183074
633227
489956
327177
279680
62805
387042
276511
115158
588759
938063
701768
336432
187700
523871
752454
890983
814091
954866
367742
37554
218648
994529
227527
974642
532737
42191
349682
390891
93283
862894
177196
404834
287804
484634
621246
501658
38676
165976
597688
983096
328155
932482
408147
684347
64658
706059
464783
377638
407426
853172
665175
414698
794894
415417
900456
786306
75954
732183
876554
463183
771809
959756
553972
20143
483600
661928
994792
592432
984087
611218
717818
521111
366758
26364
285315
143871
628720
878574
870822
277882
728151
386087
632184
609233
21805
436362
625261
672045
677618
562373
107025
140225
795312
569943
736107
324224
580241
303705
483948
814663
710255
89684
149608
725428
858728
757248
276280
958508
862937
509996
358354
775464
430021
766349
938477
362056
215499
923806
615462
671981
935858
51085
777074
437473
124086
34127
282299
112898
690941
522214
156336
497848
566982
890397
790490
905352
849432
398066
494330
511749
267063
50513
603242
598712
295246
523772
52576
273512
459331
136899
808781
145866
404677
298260
999552
74474
707471
760097
931012
502581
454220
27262
431036
633975
24660
309821
18107
821081
812435
604643
530348
932072
243814
927431
658722
747266
816900
429271
976563
63582
266687
945960
542815
667558
407018
540811
417035
843495
269027
357541
244321
773901
818672
221466
109216
593989
213418
688238
14834
723020
924477
795642
214517
327387
486847
315564
658500
596722
453242
697117
249506
431385
16825
466610
678346
718863
877260
886082
374439
371618
159117
303642
437869
450412
428369
606142
629702
537595
35176
446953
666577
375226
606440
959044
868241
870650
350323
339377
83730
730832
11878
197199
674761
670633
980672
885620
149358
793393
839659
492299
804689
960299
754714
477959
6064
395029
803763
622003
414235
808835
383814
441011
910856
500370
15068
159533
829288
965257
930043
511660
755730
487397
64806
627094
126130
439630
670223
926334
227709
683795
463944
416456
493076
343503
946973
972093
161008
747366
957077
751465
428726
915782
862341
398955
563329
428452
25970
161983
622356
554272
696565
106561
570865
862735
187722
557936
126384
750505
761466
538756
33197
651789
136262
126892
437543
740348
678876
231530
755114
987004
608872
98564
506117
775901
959393
537856
560694
834860
476271
152378
880726
505822
476775
28517
135544
948170
165206
932602
697096
982061
750768
712623
903993
374720
564739
609115
824554
988649
512893
928724
46271
127607
949479
527729
658710
919380
497218
682563
464282
124640
795938
106281
979896
324110
989294
233545
425545
195939
470523
709480
468900
382702
834558
352664
754733
277337
394584
654518
758374
550183
794295
515780
97887
165210
370880
167998
204126
77052
340316
243673
54646
639740
496001
372977
985267
291825
563530
317370
768968
896979
997792
393819
81087
503711
470977
401960
577451
528790
932603
712779
869964
557272
169830
652542
812315
470688
672490
952492
322891
507380
348491
732489
962859
82732
107798
130235
235660
466104
178022
112040
323747
17553
715368
608180
848954
648514
17079
719808
118340
223180
876234
726478
806282
988555
178673
399777
584048
626714
777849
572300
598145
162791
834610
269202
911936
889855
868557
161010
93946
577978
399788
491767
735612
156058
595467
11236
292561
134652
163138
13289
675575
289075
562407
431201
764648
715855
638195
385600
545439
155956
484986
570724
370691
748408
158629
805994
644194
236410
804387
263348
223554
743609
654082
861050
725788
823569
446786
249886
565557
864257
7348
342342
815380
880237
637774
817816
980154
231005
870107
919546
33745
601501
772001
163477
562634
375590
918915
734998
464740
483486
113055
599355
296197
991469
653074
951884
725295
779568
890189
113439
249864
628132
271145
945753
365864
814569
85075
511446
82097
899972
626694
782093
621479
502244
343630
651881
57751
900786
983665
618375
725288
950038
794412
181818
664150
429643
504301
533941
340098
833952
239238
483311
151178
432774
781992
792024
161246
174942
283931
973627
292344
187829
284492
832882
933445
153693
15845
771534
536930
377029
235189
69962
512127
426829
434296
928293
721417
91581
17654
782748
211621
596231
535747
166549
248574
329113
101956
277359
31482
949448
912373
346310
678631
256547
199823
867827
594444
507957
768649
707404
715335
489626
700684
784203
239743
935038
712365
70785
886289
498271
40897
338652
969501
728535
962409
900323
844236
889323
828022
376930
146357
639510
120450
729648
614888
478067
768455
439903
960901
320960
461815
596067
987335
669491
82410
852469
688687
637612
329489
99085
264865
275536
159715
288254
114528
693202
63448
363323
157499
492551
99761
437312
222485
907927
184417
520065
652564
100762
427751
665100
314486
816088
332608
481562
906264
856560
218837
193828
10474
447248
814674
239211
550424
211637
342794
292458
81551
311173
486019
738128
197956
997798
719824
4117
590493
743765
771259
446868
164565
149978
835470
341888
299723
528985
16688
733523
458589
616911
429381
829528
371111
153998
421709
554230
243429
888711
608882
445028
215515
335450
172515
943398
662175
664275
613719
754196
870020
934634
938117
16381
523133
322240
69114
176360
606493
409273
509818
808374
569813
539559
643939
370422
192287
156386
797498
692233
325785
144267
907153
54489
158159
924878
782241
995995
884670
925255
482087
717354
619757
933357
520900
84700
398853
90188
20428
591703
935525
103509
255696
319257
421498
46686
725696
522870
445177
344513
103508
270232
802132
477430
229028
892408
302872
976077
70849
990802
916584
175600
213737
828026
544316
621579
791919
413468
553312
214018
385108
885547
422874
108768
72843
923080
972184
82417
642589
558985
836340
56246
306547
720650
216122
903384
294658
1615
547946
213046
317118
759444
141201
993756
581419
914567
8914
848941
9779
610535
744476
438059
674585
437567
755709
588254
75283
766975
208025
988202
891709
306840
665306
627823
38549
34235
825523
998921
409549
809790
237701
9240
736452
399797
928578
250441
568568
287722
68851
856954
125666
5736
159314
17731
870575
940893
395455
648008
297358
42255
368870
296908
510718
276005
577756
360717
970857
570822
907251
959975
976752
121866
843897
305617
531536
744741
718162
660830
614570
142955
142187
195855
171655
390167
793244
437198
186124
384043
116916
34183
541776
400259
979230
793782
240939
597292
275259
439649
663828
127461
34910
143600
229194
789971
446915
11131
561917
841501
448222
144689
421221
339652
568065
661173
983204
653075
513763
73433
533010
801506
862356
447496
58798
799543
47985
322905
207213
774694
589913
318185
227801
961271
833935
992075
252687
911679
371087
308787
865509
236226
286690
480960
861367
926208
977309
965211
656224
620471
24376
106729
41972
261644
668804
1213
632436
494699
563950
307088
424960
181702
61188
298196
690444
826003
928961
467001
748509
452172
307446
846330
472135
325837
20802
260656
249325
572230
148369
562795
531573
111895
965968
988545
431170
177927
363129
385106
5303
653472
213737
366832
744985
374833
854008
974227
569647
354377
940344
527147
1094
295267
609075
620057
170808
666026
710012
744612
66766
732105
935981
792348
357151
492793
737744
165082
311082
286775
716275
375779
149504
900565
293988
684465
51309
900984
74296
311361
406956
903511
979361
544943
770667
876511
105713
747933
248991
441215
108325
957535
344988
974413
933674
921959
721931
973176
446367
682656
278020
488736
433683
530086
375715
87388
492014
938529
413967
371210
750293
94706
960450
876699
476883
84169
979905
812509
368586
812109
941795
507746
793468
930804
377275
43036
392231
714051
717959
250810
308980
336547
869818
469451
397314
801577
390895
888402
757704
120967
843983
435212
143164
493860
628239
715401
448536
655193
365194
960060
310154
855834
242118
148349
700611
984125
585896
324691
951636
958875
914761
575942
558729
719408
259397
843767
117959
608706
487673
187008
48151
572344
543018
432972
214131
175574
853690
348748
988662
189830
576539
278865
73109
595859
204360
955324
933077
719477
291951
855641
11629
895141
731781
745395
863040
785242
127155
127322
783292
354629
792750
396542
88398
248864
707088
994717
689248
272204
86821
885510
319616
633835
765749
718988
819123
165530
833945
775386
993393
544651
849584
767340
912229
242763
715901
775871
847332
486324
891004
744400
82491
42155
674961
256249
759862
522244
883815
841265
613448
847707
693933
404971
153162
184043
525114
717919
191200
646681
591182
821560
438726
602377
327624
810990
731152
745335
612500
592191
269966
707662
94562
585564
822379
883480
520191
226121
654572
271679
110223
666242
160753
769228
494440
276641
216190
75572
709877
845093
924943
108249
175581
605608
10481
930128
167719
653510
13039
171497
543859
901777
161074
104567
577932
881548
786742
318127
704175
204182
344242
705929
775428
696716
60790
422673
260300
745808
165190
351224
577770
494326
763576
339609
675037
954148
89309
770548
934562
705290
674719
413848
21956
165198
10007
707604
527561
746384
351591
45373
711494
135109
487273
95729
554373
785097
503303
819763
886202
848101
324905
505406
617511
225192
263961
454452
521752
537159
538121
220414
780721
178016
660353
411971
12399
41896
602624
39358
327022
638787
553294
800373
111569
171349
674058
915790
481714
819663
380024
68656
530572
221260
424829
317975
922724
825331
762910
675439
763774
112986
989616
506008
195572
148984
327057
424507
615254
95942
682407
525052
367114
725732
280075
790143
990569
215932
557901
434286
347369
967480
809211
593074
516905
150472
576099
329199
468799
143641
42339
586931
240161
524517
561029
229351
12798
813686
571439
357800
52886
978790
224180
208508
196534
444894
100467
38158
169760
204713
322471
486142
881647
850050
334059
180538
502712
398984
453665
323185
351998
912293
202743
135069
76141
398065
969206
449791
393885
939485
211244
781841
274142
185685
425660
89688
316724
441115
859777
795096
737514
880852
60028
348772
531244
271820
425174
105075
850992
787990
916124
623774
885047
881877
992641
947091
70810
293255
125385
602701
490615
454755
559614
146118
943316
761298
461245
828023
772677
606139
497474
876607
23761
152435
621275
248908
856649
34569
488578
928706
992808
735009
270407
999863
35431
493689
44932
861459
130444
534475
964368
70427
320886
363754
366955
676873
609953
619847
471011
232652
193448
512018
857191
976477
347018
960175
255721
962024
380881
493230
623780
540475
279647
949393
807293
402393
240588
39189
244789
174188
164915
959511
963425
657950
829576
725220
203506
386497
357099
276051
617398
694750
602533
593352
860775
150986
328764
251646
396564
549743
405211
854078
318973
302784
815523
931669
277813
145153
537277
887525
322364
194986
284072
330829
742275
15594
368764
741976
382950
557957
291777
838601
126188
972540
188820
546133
65382
393428
961053
620565
435801
337819
328859
833655
15900
90015
671598
328627
859890
530996
83209
254614
111484
647915
412327
975486
473154
377806
90664
340469
141819
723437
239196
217012
2722
824819
961105
217278
188513
83609
520592
916034
782668
692632
861544
385287
583428
420576
225581
697531
801246
166538
705909
393789
114059
122738
60860
21031
661974
763542
930785
546107
600482
867313
455219
945885
198235
450420
503794
257660
702950
212944
743819
777194
703876
281618
707334
894655
834741
483004
647027
825524
618207
649401
3624
700362
39678
497773
214012
103571
843302
943469
6771
880557
745299
925017
266642
995241
909510
418848
187103
203597
264708
990253
272222
73363
196654
638057
445174
134903
436708
542442
29798
534487
964882
313505
554261
550421
63806
705280
935106
606625
419861
733496
263377
104106
205420
908511
674654
454788
550592
770994
952833
11150
300640
788081
697195
288343
658151
981766
292453
540694
273169
337189
795285
951469
389354
443066
731364
419715
845898
216153
483255
423241
880093
46562
390264
869207
462199
613785
277082
766968
400771
273072
821631
860164
821754
872859
916581
816908
590198
476752
745809
843414
318390
221056
47842
349262
821240
812870
563666
989005
812669
333417
408171
442255
177052
738311
209110
969092
940828
378988
284930
946409
433737
907248
22651
652513
975014
846450
889514
974756
770268
542338
115508
595767
912498
619313
631092
630734
394754
251330
931005
340287
910317
395898
182529
423218
816959
161537
331799
905851
973353
957441
368786
32224
935148
710987
964805
484308
784823
788336
945194
582474
135064
73236
732919
848715
337756
193853
766838
695906
522431
388707
97729
211124
250095
421352
598506
252217
228715
879756
986706
535182
937061
805371
829031
247297
809167
53612
896748
362367
960630
491853
291540
782779
163843
218441
738572
593613
634909
637573
